Row  Colunm  Power
0  157  4.15768339164
1  18  5.03258924345
1  190  4.11405955345
1  191  4.11481150922
1  192  4.11481150922
1  193  4.11481150922
1  194  4.11481150922
1  195  4.11481150922
1  196  4.11481150922
1  197  4.11481150922
1  198  4.11481150922
1  199  4.11481150922
1  200  4.11481150922
1  201  4.11481150922
1  202  4.11481150922
1  203  4.11481150922
1  204  4.11481150922
1  205  4.11481150922
1  206  4.11481150922
1  207  4.11481150922
1  208  4.1138952036
1  452  4.33473722335
2  18  9.17916947537
2  25  5.90366004718
2  42  5.72330831603
2  190  4.11525147197
2  191  4.11589755087
2  192  4.11589755087
2  193  4.11589755087
2  194  4.11589755087
2  195  4.11589755087
2  196  4.11589755087
2  197  4.11589755087
2  198  4.11589755087
2  199  4.11589755087
2  200  4.11589755087
2  201  4.11589755087
2  202  4.11589755087
2  203  4.11589755087
2  204  4.11589755087
2  205  4.11589755087
2  206  4.11589755087
2  207  4.11589755087
2  208  4.1150077473
2  310  4.1156472762
2  355  4.35520679731
3  158  4.33931668944
3  190  4.11532765697
3  191  4.11589755087
3  192  4.11589755087
3  193  4.11589755087
3  194  4.11589755087
3  195  4.11589755087
3  196  4.11589755087
3  197  4.11589755087
3  198  4.11589755087
3  199  4.11589755087
3  200  4.11589755087
3  201  4.11589755087
3  202  4.11589755087
3  203  4.11589755087
3  204  4.11589755087
3  205  4.11589755087
3  206  4.11589755087
3  207  4.11589755087
3  208  4.11516094746
3  243  4.31189660264
4  190  4.1149394051
4  191  4.11589755087
4  192  4.11589755087
4  193  4.11589755087
4  194  4.11589755087
4  195  4.11589755087
4  196  4.11589755087
4  197  4.11589755087
4  198  4.11589755087
4  199  4.11589755087
4  200  4.11589755087
4  201  4.11589755087
4  202  4.11589755087
4  203  4.11589755087
4  204  4.11589755087
4  205  4.11589755087
4  206  4.11589755087
4  207  4.11589755087
4  208  4.11491951028
4  270  4.88534197178
4  348  4.86110748474
5  190  4.11496682999
5  191  4.11589755087
5  192  4.11589755087
5  193  4.11589755087
5  194  4.11589755087
5  195  4.11589755087
5  196  4.11589755087
5  197  4.11589755087
5  198  4.11589755087
5  199  4.11589755087
5  200  4.11589755087
5  201  4.11589755087
5  202  4.11589755087
5  203  4.11589755087
5  204  4.11589755087
5  205  4.11589755087
5  206  4.11589755087
5  207  4.11589755087
5  208  4.11504309796
6  120  4.30078770198
6  190  4.11506356044
6  191  4.11589755087
6  192  4.11589755087
6  193  4.11589755087
6  194  4.11589755087
6  195  4.11589755087
6  196  4.11589755087
6  197  4.11589755087
6  198  4.11589755087
6  199  4.11589755087
6  200  4.11589755087
6  201  4.11589755087
6  202  4.11589755087
6  203  4.11589755087
6  204  4.11589755087
6  205  4.11589755087
6  206  4.11589755087
6  207  4.11589755087
6  208  4.11486668846
6  335  4.4036264355
7  190  4.11508917846
7  191  4.11589755087
7  192  4.11589755087
7  193  4.11589755087
7  194  4.11589755087
7  195  4.11589755087
7  196  4.11589755087
7  197  4.11589755087
7  198  4.11589755087
7  199  4.11589755087
7  200  4.11589755087
7  201  4.11589755087
7  202  4.11589755087
7  203  4.11589755087
7  204  4.11589755087
7  205  4.11589755087
7  206  4.11589755087
7  207  4.11589755087
7  208  4.11496011526
8  190  4.11491371079
8  191  4.11589755087
8  192  4.11589755087
8  193  4.11589755087
8  194  4.11589755087
8  195  4.11589755087
8  196  4.11589755087
8  197  4.11589755087
8  198  4.11589755087
8  199  4.11589755087
8  200  4.11589755087
8  201  4.11589755087
8  202  4.11589755087
8  203  4.11589755087
8  204  4.11589755087
8  205  4.11589755087
8  206  4.11589755087
8  207  4.11589755087
8  208  4.1150331289
9  190  4.11485563133
9  191  4.11589755087
9  192  4.11589755087
9  193  4.11589755087
9  194  4.11589755087
9  195  4.11589755087
9  196  4.11589755087
9  197  4.11589755087
9  198  4.11589755087
9  199  4.11589755087
9  200  4.11589755087
9  201  4.11589755087
9  202  4.11589755087
9  203  4.11589755087
9  204  4.11589755087
9  205  4.11589755087
9  206  4.11589755087
9  207  4.11589755087
9  208  4.11489190199
9  289  6.23422628733
10  169  4.34803508241
10  190  4.11497734964
10  191  4.11589755087
10  192  4.11589755087
10  193  4.11589755087
10  194  4.11589755087
10  195  4.11589755087
10  196  4.11589755087
10  197  4.11589755087
10  198  4.11589755087
10  199  4.11589755087
10  200  4.11589755087
10  201  4.11589755087
10  202  4.11589755087
10  203  4.11589755087
10  204  4.11589755087
10  205  4.11589755087
10  206  4.11589755087
10  207  4.11589755087
10  208  4.11499023076
10  299  5.3162234356
11  190  4.11486311124
11  191  4.11589755087
11  192  4.11589755087
11  193  4.11589755087
11  194  4.11589755087
11  195  4.11589755087
11  196  4.11589755087
11  197  4.11589755087
11  198  4.11589755087
11  199  4.11589755087
11  200  4.11589755087
11  201  4.11589755087
11  202  4.11589755087
11  203  4.11589755087
11  204  4.11589755087
11  205  4.11589755087
11  206  4.11589755087
11  207  4.11589755087
11  208  4.11519862316
11  299  5.86117227589
11  428  4.21788161318
12  190  4.1149158287
12  191  4.11589755087
12  192  4.11589755087
12  193  4.11589755087
12  194  4.11589755087
12  195  4.11589755087
12  196  4.11589755087
12  197  4.11589755087
12  198  4.11589755087
12  199  4.11589755087
12  200  4.11589755087
12  201  4.11589755087
12  202  4.11589755087
12  203  4.11589755087
12  204  4.11589755087
12  205  4.11589755087
12  206  4.11589755087
12  207  4.11589755087
12  208  4.11506895989
12  299  5.75432132917
12  379  4.63841639633
13  190  4.11529936548
13  191  4.11589755087
13  192  4.11589755087
13  193  4.11589755087
13  194  4.11589755087
13  195  4.11589755087
13  196  4.11589755087
13  197  4.11589755087
13  198  4.11589755087
13  199  4.11589755087
13  200  4.11589755087
13  201  4.11589755087
13  202  4.11589755087
13  203  4.11589755087
13  204  4.11589755087
13  205  4.11589755087
13  206  4.11589755087
13  207  4.11589755087
13  208  4.11521579804
13  299  5.80080258455
13  417  4.10119683315
14  190  4.11529457388
14  191  4.11589755087
14  192  4.11589755087
14  193  4.11589755087
14  194  4.11589755087
14  195  4.11589755087
14  196  4.11589755087
14  197  4.11589755087
14  198  4.11589755087
14  199  4.11589755087
14  200  4.11589755087
14  201  4.11589755087
14  202  4.11589755087
14  203  4.11589755087
14  204  4.11589755087
14  205  4.11589755087
14  206  4.11589755087
14  207  4.11589755087
14  208  4.11491400927
14  299  5.94559654485
14  372  4.18160316343
15  142  4.22174506652
15  190  4.11534954419
15  191  4.11589755087
15  192  4.11589755087
15  193  4.11589755087
15  194  4.11589755087
15  195  4.11589755087
15  196  4.11589755087
15  197  4.11589755087
15  198  4.11589755087
15  199  4.11589755087
15  200  4.11589755087
15  201  4.11589755087
15  202  4.11589755087
15  203  4.11589755087
15  204  4.11589755087
15  205  4.11589755087
15  206  4.11589755087
15  207  4.11589755087
15  208  4.11489682795
15  299  6.11426555158
16  190  4.11496429583
16  191  4.11589755087
16  192  4.11589755087
16  193  4.11589755087
16  194  4.11589755087
16  195  4.11589755087
16  196  4.11589755087
16  197  4.11589755087
16  198  4.11589755087
16  199  4.11589755087
16  200  4.11589755087
16  201  4.11589755087
16  202  4.11589755087
16  203  4.11589755087
16  204  4.11589755087
16  205  4.11589755087
16  206  4.11589755087
16  207  4.11589755087
16  208  4.11513387754
16  262  5.58433116683
16  299  6.15772232338
16  474  4.4999370933
17  190  4.11514866164
17  191  4.11589755087
17  192  4.11589755087
17  193  4.11589755087
17  194  4.11589755087
17  195  4.11589755087
17  196  4.11589755087
17  197  4.11589755087
17  198  4.11589755087
17  199  4.11589755087
17  200  4.11589755087
17  201  4.11589755087
17  202  4.11589755087
17  203  4.11589755087
17  204  4.11589755087
17  205  4.11589755087
17  206  4.11589755087
17  207  4.11589755087
17  208  4.11517845879
17  299  6.06743684954
18  119  4.36816334762
18  190  4.11513137529
18  191  4.11589755087
18  192  4.11589755087
18  193  4.11589755087
18  194  4.11589755087
18  195  4.11589755087
18  196  4.11589755087
18  197  4.11589755087
18  198  4.11589755087
18  199  4.11589755087
18  200  4.11589755087
18  201  4.11589755087
18  202  4.11589755087
18  203  4.11589755087
18  204  4.11589755087
18  205  4.11589755087
18  206  4.11589755087
18  207  4.11589755087
18  208  4.1157635849
18  286  4.13482983286
18  299  5.85604157156
18  436  4.53060528516
18  476  4.10441846133
18  488  4.59652597867
19  190  4.11522755282
19  191  4.11589755087
19  192  4.11589755087
19  193  4.11589755087
19  194  4.11589755087
19  195  4.11589755087
19  196  4.11589755087
19  197  4.11589755087
19  198  4.11589755087
19  199  4.11589755087
19  200  4.11589755087
19  201  4.11589755087
19  202  4.11589755087
19  203  4.11589755087
19  204  4.11589755087
19  205  4.11589755087
19  206  4.11589755087
19  207  4.11589755087
19  208  4.11542961477
19  299  5.91006391755
19  308  4.14657923241
19  430  6.04683404321
19  431  6.8408190077
19  432  6.77406999211
19  433  6.67205548428
19  434  6.84310603782
19  435  6.71093222206
19  436  7.01092748973
19  437  6.64465896825
19  438  6.68348718864
19  439  6.62033634803
19  440  6.66142022177
19  441  6.6129617905
19  442  6.58476640365
19  443  6.77400852118
19  444  6.83011576276
19  445  6.72708985078
19  446  6.65835169183
19  447  6.55456464102
19  448  6.61148693445
19  449  6.57333627764
19  450  6.65182845724
19  451  6.70143465728
19  452  6.60896252129
19  453  6.51308674824
19  454  6.5030707691
19  455  6.62371945995
19  456  6.86845054476
19  457  6.67821816393
19  458  6.5349379005
19  459  6.60675205299
19  460  6.80772551416
19  461  6.944642924
19  462  6.71638683761
19  463  6.69770516973
19  464  6.62170944794
19  465  6.59010714946
19  466  6.76311369563
19  467  6.59629963161
19  468  6.634658761
19  469  6.84992304873
19  470  6.65445080108
19  471  6.89244812464
19  472  6.60471082714
19  473  6.66620048333
19  474  6.85861149378
19  475  7.01330107904
19  476  6.96635980716
19  477  6.95084824979
19  478  6.94616264972
19  479  6.73096668528
19  480  6.57856809844
19  481  6.70894828362
19  482  6.78615026231
19  483  6.63638942903
19  484  6.94102413842
19  485  6.63652309923
19  486  6.59699343609
19  487  6.75934978844
19  488  7.19747288473
19  489  6.78047946339
19  490  6.57172032894
19  491  6.68569128114
19  492  6.59810894827
19  493  6.57988379171
19  494  6.62221597603
19  495  6.6800518919
19  496  6.63219570201
19  497  6.60155438793
19  498  6.68293816143
19  499  6.12400597455
20  190  4.11506257973
20  191  4.11589755087
20  192  4.11589755087
20  193  4.11589755087
20  194  4.11589755087
20  195  4.11589755087
20  196  4.11589755087
20  197  4.11589755087
20  198  4.11589755087
20  199  4.11589755087
20  200  4.11589755087
20  201  4.11589755087
20  202  4.11589755087
20  203  4.11589755087
20  204  4.11589755087
20  205  4.11589755087
20  206  4.11589755087
20  207  4.11589755087
20  208  4.11512433768
20  298  4.79946833446
20  299  6.41633408838
20  402  4.35831564264
21  33  5.7206286654
21  190  4.11499717817
21  191  4.11589755087
21  192  4.11589755087
21  193  4.11589755087
21  194  4.11589755087
21  195  4.11589755087
21  196  4.11589755087
21  197  4.11589755087
21  198  4.11589755087
21  199  4.11589755087
21  200  4.11589755087
21  201  4.11589755087
21  202  4.11589755087
21  203  4.11589755087
21  204  4.11589755087
21  205  4.11589755087
21  206  4.11589755087
21  207  4.11589755087
21  208  4.11490511528
21  217  5.04028878429
21  265  5.24021246487
21  299  5.94619280565
22  109  4.29098305471
22  190  4.11563740939
22  191  4.11589755087
22  192  4.11589755087
22  193  4.11589755087
22  194  4.11589755087
22  195  4.11589755087
22  196  4.11589755087
22  197  4.11589755087
22  198  4.11589755087
22  199  4.11589755087
22  200  4.11589755087
22  201  4.11589755087
22  202  4.11589755087
22  203  4.11589755087
22  204  4.11589755087
22  205  4.11589755087
22  206  4.11589755087
22  207  4.11589755087
22  208  4.11506441522
22  299  5.80418681712
23  97  4.21510228566
23  190  4.11542641636
23  191  4.11589755087
23  192  4.11589755087
23  193  4.11589755087
23  194  4.11589755087
23  195  4.11589755087
23  196  4.11589755087
23  197  4.11589755087
23  198  4.11589755087
23  199  4.11589755087
23  200  4.11589755087
23  201  4.11589755087
23  202  4.11589755087
23  203  4.11589755087
23  204  4.11589755087
23  205  4.11589755087
23  206  4.11589755087
23  207  4.11589755087
23  208  4.11559804441
23  299  5.9966788042
24  190  4.11519794497
24  191  4.11589755087
24  192  4.11589755087
24  193  4.11589755087
24  194  4.11589755087
24  195  4.11589755087
24  196  4.11589755087
24  197  4.11589755087
24  198  4.11589755087
24  199  4.11589755087
24  200  4.11589755087
24  201  4.11589755087
24  202  4.11589755087
24  203  4.11589755087
24  204  4.11589755087
24  205  4.11589755087
24  206  4.11589755087
24  207  4.11589755087
24  208  4.11525022582
24  299  6.0092281141
24  435  4.50322080623
25  190  4.1148956868
25  191  4.11589755087
25  192  4.11589755087
25  193  4.11589755087
25  194  4.11589755087
25  195  4.11589755087
25  196  4.11589755087
25  197  4.11589755087
25  198  4.11589755087
25  199  4.11589755087
25  200  4.11589755087
25  201  4.11589755087
25  202  4.11589755087
25  203  4.11589755087
25  204  4.11589755087
25  205  4.11589755087
25  206  4.11589755087
25  207  4.11589755087
25  208  4.11509037993
25  299  5.80249275138
26  190  4.11498030163
26  191  4.11589755087
26  192  4.11589755087
26  193  4.11589755087
26  194  4.11589755087
26  195  4.11589755087
26  196  4.11589755087
26  197  4.11589755087
26  198  4.11589755087
26  199  4.11589755087
26  200  4.11589755087
26  201  4.11589755087
26  202  4.11589755087
26  203  4.11589755087
26  204  4.11589755087
26  205  4.11589755087
26  206  4.11589755087
26  207  4.11589755087
26  208  4.11490322973
26  299  5.82055144681
26  376  4.16794658838
27  190  4.1152954425
27  191  4.11589755087
27  192  4.11589755087
27  193  4.11589755087
27  194  4.11589755087
27  195  4.11589755087
27  196  4.11589755087
27  197  4.11589755087
27  198  4.11589755087
27  199  4.11589755087
27  200  4.11589755087
27  201  4.11589755087
27  202  4.11589755087
27  203  4.11589755087
27  204  4.11589755087
27  205  4.11589755087
27  206  4.11589755087
27  207  4.11589755087
27  208  4.11524331835
27  299  5.76764018493
28  190  4.11580119944
28  191  4.11589755087
28  192  4.11589755087
28  193  4.11589755087
28  194  4.11589755087
28  195  4.11589755087
28  196  4.11589755087
28  197  4.11589755087
28  198  4.11589755087
28  199  4.11589755087
28  200  4.11589755087
28  201  4.11589755087
28  202  4.11589755087
28  203  4.11589755087
28  204  4.11589755087
28  205  4.11589755087
28  206  4.11589755087
28  207  4.11589755087
28  208  4.11499656035
28  299  5.71643387495
29  190  4.11513809146
29  191  4.11589755087
29  192  4.11589755087
29  193  4.11589755087
29  194  4.11589755087
29  195  4.11589755087
29  196  4.11589755087
29  197  4.11589755087
29  198  4.11589755087
29  199  4.11589755087
29  200  4.11589755087
29  201  4.11589755087
29  202  4.11589755087
29  203  4.11589755087
29  204  4.11589755087
29  205  4.11589755087
29  206  4.11589755087
29  207  4.11589755087
29  208  4.11520077869
29  225  4.29149823637
29  299  5.78823622611
30  127  4.95331678178
30  190  4.11510689492
30  191  4.11589755087
30  192  4.11589755087
30  193  4.11589755087
30  194  4.11589755087
30  195  4.11589755087
30  196  4.11589755087
30  197  4.11589755087
30  198  4.11589755087
30  199  4.11589755087
30  200  4.11589755087
30  201  4.11589755087
30  202  4.11589755087
30  203  4.11589755087
30  204  4.11589755087
30  205  4.11589755087
30  206  4.11589755087
30  207  4.11589755087
30  208  4.11493500781
30  299  5.73338897738
30  499  4.41979002596
31  33  4.30409570347
31  88  4.22623991719
31  190  4.11488686407
31  191  4.11589755087
31  192  4.11589755087
31  193  4.11589755087
31  194  4.11589755087
31  195  4.11589755087
31  196  4.11589755087
31  197  4.11589755087
31  198  4.11589755087
31  199  4.11589755087
31  200  4.11589755087
31  201  4.11589755087
31  202  4.11589755087
31  203  4.11589755087
31  204  4.11589755087
31  205  4.11589755087
31  206  4.11589755087
31  207  4.11589755087
31  208  4.11502546875
31  299  5.85385707148
32  165  5.10239083454
32  190  4.11498677341
32  191  4.11589755087
32  192  4.11589755087
32  193  4.11589755087
32  194  4.11589755087
32  195  4.11589755087
32  196  4.11589755087
32  197  4.11589755087
32  198  4.11589755087
32  199  4.11589755087
32  200  4.11589755087
32  201  4.11589755087
32  202  4.11589755087
32  203  4.11589755087
32  204  4.11589755087
32  205  4.11589755087
32  206  4.11589755087
32  207  4.11589755087
32  208  4.11562745242
32  213  4.8691027468
32  299  5.88279426401
32  411  5.1250136415
32  435  4.16222024144
33  190  4.11485753788
33  191  4.11589755087
33  192  4.11589755087
33  193  4.11589755087
33  194  4.11589755087
33  195  4.11589755087
33  196  4.11589755087
33  197  4.11589755087
33  198  4.11589755087
33  199  4.11589755087
33  200  4.11589755087
33  201  4.11589755087
33  202  4.11589755087
33  203  4.11589755087
33  204  4.11589755087
33  205  4.11589755087
33  206  4.11589755087
33  207  4.11589755087
33  208  4.11544032924
33  299  5.87961648592
33  312  4.93204478851
34  190  4.11502691027
34  191  4.11589755087
34  192  4.11589755087
34  193  4.11589755087
34  194  4.11589755087
34  195  4.11589755087
34  196  4.11589755087
34  197  4.11589755087
34  198  4.11589755087
34  199  4.11589755087
34  200  4.11589755087
34  201  4.11589755087
34  202  4.11589755087
34  203  4.11589755087
34  204  4.11589755087
34  205  4.11589755087
34  206  4.11589755087
34  207  4.11589755087
34  208  4.11499999319
34  299  5.84674628921
34  420  4.66883043036
35  190  4.11564743329
35  191  4.11589755087
35  192  4.11589755087
35  193  4.11589755087
35  194  4.11589755087
35  195  4.11589755087
35  196  4.11589755087
35  197  4.11589755087
35  198  4.11589755087
35  199  4.11589755087
35  200  4.11589755087
35  201  4.11589755087
35  202  4.11589755087
35  203  4.11589755087
35  204  4.11589755087
35  205  4.11589755087
35  206  4.11589755087
35  207  4.11589755087
35  208  4.11485504698
35  299  5.85073014284
35  356  4.10118854426
35  393  5.44023901541
36  190  4.11526437666
36  191  4.11589755087
36  192  4.11589755087
36  193  4.11589755087
36  194  4.11589755087
36  195  4.11589755087
36  196  4.11589755087
36  197  4.11589755087
36  198  4.11589755087
36  199  4.11589755087
36  200  4.11589755087
36  201  4.11589755087
36  202  4.11589755087
36  203  4.11589755087
36  204  4.11589755087
36  205  4.11589755087
36  206  4.11589755087
36  207  4.11589755087
36  208  4.11505119927
36  299  5.85002076762
37  190  4.11507716881
37  191  4.11589755087
37  192  4.11589755087
37  193  4.11589755087
37  194  4.11589755087
37  195  4.11589755087
37  196  4.11589755087
37  197  4.11589755087
37  198  4.11589755087
37  199  4.11589755087
37  200  4.11589755087
37  201  4.11589755087
37  202  4.11589755087
37  203  4.11589755087
37  204  4.11589755087
37  205  4.11589755087
37  206  4.11589755087
37  207  4.11589755087
37  208  4.11557872953
37  293  4.47035644539
37  299  5.73806807981
38  18  5.10909452768
38  190  4.11484946119
38  191  4.11589755087
38  192  4.11589755087
38  193  4.11589755087
38  194  4.11589755087
38  195  4.11589755087
38  196  4.11589755087
38  197  4.11589755087
38  198  4.11589755087
38  199  4.11589755087
38  200  4.11589755087
38  201  4.11589755087
38  202  4.11589755087
38  203  4.11589755087
38  204  4.11589755087
38  205  4.11589755087
38  206  4.11589755087
38  207  4.11589755087
38  208  4.11503752408
38  290  4.17224684208
38  299  5.90314165362
39  149  4.72843538754
39  190  4.114839729
39  191  4.11589755087
39  192  4.11589755087
39  193  4.11589755087
39  194  4.11589755087
39  195  4.11589755087
39  196  4.11589755087
39  197  4.11589755087
39  198  4.11589755087
39  199  4.11589755087
39  200  4.11589755087
39  201  4.11589755087
39  202  4.11589755087
39  203  4.11589755087
39  204  4.11589755087
39  205  4.11589755087
39  206  4.11589755087
39  207  4.11589755087
39  208  4.11499648833
39  299  5.76177918938
39  338  4.66406019383
40  190  4.11482994793
40  191  4.11589755087
40  192  4.11589755087
40  193  4.11589755087
40  194  4.11589755087
40  195  4.11589755087
40  196  4.11589755087
40  197  4.11589755087
40  198  4.11589755087
40  199  4.11589755087
40  200  4.11589755087
40  201  4.11589755087
40  202  4.11589755087
40  203  4.11589755087
40  204  4.11589755087
40  205  4.11589755087
40  206  4.11589755087
40  207  4.11589755087
40  208  4.11500541882
40  299  5.76834648015
41  26  4.31565959402
41  190  4.11488239318
41  191  4.11589755087
41  192  4.11589755087
41  193  4.11589755087
41  194  4.11589755087
41  195  4.11589755087
41  196  4.11589755087
41  197  4.11589755087
41  198  4.11589755087
41  199  4.11589755087
41  200  4.11589755087
41  201  4.11589755087
41  202  4.11589755087
41  203  4.11589755087
41  204  4.11589755087
41  205  4.11589755087
41  206  4.11589755087
41  207  4.11589755087
41  208  4.11496369525
41  299  5.87439734708
41  381  4.32945020193
42  190  4.1148480024
42  191  4.11589755087
42  192  4.11589755087
42  193  4.11589755087
42  194  4.11589755087
42  195  4.11589755087
42  196  4.11589755087
42  197  4.11589755087
42  198  4.11589755087
42  199  4.11589755087
42  200  4.11589755087
42  201  4.11589755087
42  202  4.11589755087
42  203  4.11589755087
42  204  4.11589755087
42  205  4.11589755087
42  206  4.11589755087
42  207  4.11589755087
42  208  4.1152557027
42  261  4.1252290458
42  299  5.85095011396
43  105  5.60846939518
43  106  4.18654491865
43  133  6.0580675239
43  190  4.1148624379
43  191  4.11589755087
43  192  4.11589755087
43  193  4.11589755087
43  194  4.11589755087
43  195  4.11589755087
43  196  4.11589755087
43  197  4.11589755087
43  198  4.11589755087
43  199  4.11589755087
43  200  4.11589755087
43  201  4.11589755087
43  202  4.11589755087
43  203  4.11589755087
43  204  4.11589755087
43  205  4.11589755087
43  206  4.11589755087
43  207  4.11589755087
43  208  4.11523803712
43  299  5.7779442918
43  437  4.44061520382
44  182  4.29164232666
44  190  4.11488154426
44  191  4.11589755087
44  192  4.11589755087
44  193  4.11589755087
44  194  4.11589755087
44  195  4.11589755087
44  196  4.11589755087
44  197  4.11589755087
44  198  4.11589755087
44  199  4.11589755087
44  200  4.11589755087
44  201  4.11589755087
44  202  4.11589755087
44  203  4.11589755087
44  204  4.11589755087
44  205  4.11589755087
44  206  4.11589755087
44  207  4.11589755087
44  208  4.1149349153
44  299  5.96474473756
45  190  4.11491436908
45  191  4.11589755087
45  192  4.11589755087
45  193  4.11589755087
45  194  4.11589755087
45  195  4.11589755087
45  196  4.11589755087
45  197  4.11589755087
45  198  4.11589755087
45  199  4.11589755087
45  200  4.11589755087
45  201  4.11589755087
45  202  4.11589755087
45  203  4.11589755087
45  204  4.11589755087
45  205  4.11589755087
45  206  4.11589755087
45  207  4.11589755087
45  208  4.11489109697
45  263  4.13375470407
45  299  5.88552510183
45  336  4.19117330806
45  381  5.83922891553
46  58  4.47241490592
46  190  4.11500057737
46  191  4.11589755087
46  192  4.11589755087
46  193  4.11589755087
46  194  4.11589755087
46  195  4.11589755087
46  196  4.11589755087
46  197  4.11589755087
46  198  4.11589755087
46  199  4.11589755087
46  200  4.11589755087
46  201  4.11589755087
46  202  4.11589755087
46  203  4.11589755087
46  204  4.11589755087
46  205  4.11589755087
46  206  4.11589755087
46  207  4.11589755087
46  208  4.11500293712
46  299  5.84461046421
47  190  4.11517775394
47  191  4.11589755087
47  192  4.11589755087
47  193  4.11589755087
47  194  4.11589755087
47  195  4.11589755087
47  196  4.11589755087
47  197  4.11589755087
47  198  4.11589755087
47  199  4.11589755087
47  200  4.11589755087
47  201  4.11589755087
47  202  4.11589755087
47  203  4.11589755087
47  204  4.11589755087
47  205  4.11589755087
47  206  4.11589755087
47  207  4.11589755087
47  208  4.11486907665
47  294  4.28631781454
47  299  5.84080774442
47  370  4.27792551444
48  190  4.11565082736
48  191  4.11589755087
48  192  4.11589755087
48  193  4.11589755087
48  194  4.11589755087
48  195  4.11589755087
48  196  4.11589755087
48  197  4.11589755087
48  198  4.11589755087
48  199  4.11589755087
48  200  4.11589755087
48  201  4.11589755087
48  202  4.11589755087
48  203  4.11589755087
48  204  4.11589755087
48  205  4.11589755087
48  206  4.11589755087
48  207  4.11589755087
48  208  4.11486727854
48  299  5.97446406978
48  356  5.63372257543
49  190  4.11494370082
49  191  4.11589755087
49  192  4.11589755087
49  193  4.11589755087
49  194  4.11589755087
49  195  4.11589755087
49  196  4.11589755087
49  197  4.11589755087
49  198  4.11589755087
49  199  4.11589755087
49  200  4.11589755087
49  201  4.11589755087
49  202  4.11589755087
49  203  4.11589755087
49  204  4.11589755087
49  205  4.11589755087
49  206  4.11589755087
49  207  4.11589755087
49  208  4.11490438889
49  240  5.05857228507
49  299  5.88337652597
49  435  4.46202261438
49  459  5.07865041808
50  190  4.11498514783
50  191  4.11589755087
50  192  4.11589755087
50  193  4.11589755087
50  194  4.11589755087
50  195  4.11589755087
50  196  4.11589755087
50  197  4.11589755087
50  198  4.11589755087
50  199  4.11589755087
50  200  4.11589755087
50  201  4.11589755087
50  202  4.11589755087
50  203  4.11589755087
50  204  4.11589755087
50  205  4.11589755087
50  206  4.11589755087
50  207  4.11589755087
50  208  4.11509861355
50  299  5.81140216789
50  400  4.65048682282
51  190  4.11499451152
51  191  4.11589755087
51  192  4.11589755087
51  193  4.11589755087
51  194  4.11589755087
51  195  4.11589755087
51  196  4.11589755087
51  197  4.11589755087
51  198  4.11589755087
51  199  4.11589755087
51  200  4.11589755087
51  201  4.11589755087
51  202  4.11589755087
51  203  4.11589755087
51  204  4.11589755087
51  205  4.11589755087
51  206  4.11589755087
51  207  4.11589755087
51  208  4.11501112955
51  299  5.83070901251
52  190  4.11491605406
52  191  4.11589755087
52  192  4.11589755087
52  193  4.11589755087
52  194  4.11589755087
52  195  4.11589755087
52  196  4.11589755087
52  197  4.11589755087
52  198  4.11589755087
52  199  4.11589755087
52  200  4.11589755087
52  201  4.11589755087
52  202  4.11589755087
52  203  4.11589755087
52  204  4.11589755087
52  205  4.11589755087
52  206  4.11589755087
52  207  4.11589755087
52  208  4.11506344797
52  299  5.73560954364
52  351  4.93487689519
52  493  4.59026281445
53  181  5.51276364522
53  190  4.11507365202
53  191  4.11589755087
53  192  4.11589755087
53  193  4.11589755087
53  194  4.11589755087
53  195  4.11589755087
53  196  4.11589755087
53  197  4.11589755087
53  198  4.11589755087
53  199  4.11589755087
53  200  4.11589755087
53  201  4.11589755087
53  202  4.11589755087
53  203  4.11589755087
53  204  4.11589755087
53  205  4.11589755087
53  206  4.11589755087
53  207  4.11589755087
53  208  4.11493360674
53  271  4.16174397595
53  299  5.80100629199
53  418  4.75570315578
54  88  4.86753066272
54  190  4.11525495079
54  191  4.11589755087
54  192  4.11589755087
54  193  4.11589755087
54  194  4.11589755087
54  195  4.11589755087
54  196  4.11589755087
54  197  4.11589755087
54  198  4.11589755087
54  199  4.11589755087
54  200  4.11589755087
54  201  4.11589755087
54  202  4.11589755087
54  203  4.11589755087
54  204  4.11589755087
54  205  4.11589755087
54  206  4.11589755087
54  207  4.11589755087
54  208  4.11485190765
54  299  5.84519230572
54  470  4.28370274767
55  190  4.11501505134
55  191  4.11589755087
55  192  4.11589755087
55  193  4.11589755087
55  194  4.11589755087
55  195  4.11589755087
55  196  4.11589755087
55  197  4.11589755087
55  198  4.11589755087
55  199  4.11589755087
55  200  4.11589755087
55  201  4.11589755087
55  202  4.11589755087
55  203  4.11589755087
55  204  4.11589755087
55  205  4.11589755087
55  206  4.11589755087
55  207  4.11589755087
55  208  4.1148799273
55  299  5.96088484407
56  190  4.11503901188
56  191  4.11589755087
56  192  4.11589755087
56  193  4.11589755087
56  194  4.11589755087
56  195  4.11589755087
56  196  4.11589755087
56  197  4.11589755087
56  198  4.11589755087
56  199  4.11589755087
56  200  4.11589755087
56  201  4.11589755087
56  202  4.11589755087
56  203  4.11589755087
56  204  4.11589755087
56  205  4.11589755087
56  206  4.11589755087
56  207  4.11589755087
56  208  4.11500204575
56  240  4.17622029458
56  299  5.79945840617
57  153  4.93359690701
57  190  4.1153846077
57  191  4.11589755087
57  192  4.11589755087
57  193  4.11589755087
57  194  4.11589755087
57  195  4.11589755087
57  196  4.11589755087
57  197  4.11589755087
57  198  4.11589755087
57  199  4.11589755087
57  200  4.11589755087
57  201  4.11589755087
57  202  4.11589755087
57  203  4.11589755087
57  204  4.11589755087
57  205  4.11589755087
57  206  4.11589755087
57  207  4.11589755087
57  208  4.11524577445
57  299  5.74191750015
58  119  4.16365538831
58  190  4.11492030562
58  191  4.11589755087
58  192  4.11589755087
58  193  4.11589755087
58  194  4.11589755087
58  195  4.11589755087
58  196  4.11589755087
58  197  4.11589755087
58  198  4.11589755087
58  199  4.11589755087
58  200  4.11589755087
58  201  4.11589755087
58  202  4.11589755087
58  203  4.11589755087
58  204  4.11589755087
58  205  4.11589755087
58  206  4.11589755087
58  207  4.11589755087
58  208  4.11555774018
58  299  5.76188555954
58  383  4.89506574649
59  126  4.30408456537
59  190  4.11486616347
59  191  4.11589755087
59  192  4.11589755087
59  193  4.11589755087
59  194  4.11589755087
59  195  4.11589755087
59  196  4.11589755087
59  197  4.11589755087
59  198  4.11589755087
59  199  4.11589755087
59  200  4.11589755087
59  201  4.11589755087
59  202  4.11589755087
59  203  4.11589755087
59  204  4.11589755087
59  205  4.11589755087
59  206  4.11589755087
59  207  4.11589755087
59  208  4.11508857234
59  299  5.8044524904
60  46  4.44157716664
60  86  7.21649506732
60  190  4.11490769693
60  191  4.11589755087
60  192  4.11589755087
60  193  4.11589755087
60  194  4.11589755087
60  195  4.11589755087
60  196  4.11589755087
60  197  4.11589755087
60  198  4.11589755087
60  199  4.11589755087
60  200  4.11589755087
60  201  4.11589755087
60  202  4.11589755087
60  203  4.11589755087
60  204  4.11589755087
60  205  4.11589755087
60  206  4.11589755087
60  207  4.11589755087
60  208  4.11485730202
60  299  5.89446748477
60  387  4.30969937694
61  190  4.11514577522
61  191  4.11589755087
61  192  4.11589755087
61  193  4.11589755087
61  194  4.11589755087
61  195  4.11589755087
61  196  4.11589755087
61  197  4.11589755087
61  198  4.11589755087
61  199  4.11589755087
61  200  4.11589755087
61  201  4.11589755087
61  202  4.11589755087
61  203  4.11589755087
61  204  4.11589755087
61  205  4.11589755087
61  206  4.11589755087
61  207  4.11589755087
61  208  4.11490340533
61  217  4.56222423778
61  299  6.24731809654
62  190  4.11505593254
62  191  4.11589755087
62  192  4.11589755087
62  193  4.11589755087
62  194  4.11589755087
62  195  4.11589755087
62  196  4.11589755087
62  197  4.11589755087
62  198  4.11589755087
62  199  4.11589755087
62  200  4.11589755087
62  201  4.11589755087
62  202  4.11589755087
62  203  4.11589755087
62  204  4.11589755087
62  205  4.11589755087
62  206  4.11589755087
62  207  4.11589755087
62  208  4.11485362906
62  299  5.97836027169
63  155  4.47813631017
63  190  4.11500440141
63  191  4.11589755087
63  192  4.11589755087
63  193  4.11589755087
63  194  4.11589755087
63  195  4.11589755087
63  196  4.11589755087
63  197  4.11589755087
63  198  4.11589755087
63  199  4.11589755087
63  200  4.11589755087
63  201  4.11589755087
63  202  4.11589755087
63  203  4.11589755087
63  204  4.11589755087
63  205  4.11589755087
63  206  4.11589755087
63  207  4.11589755087
63  208  4.11488790712
63  250  5.36080118093
63  299  5.76136070397
64  190  4.11562224426
64  191  4.11589755087
64  192  4.11589755087
64  193  4.11589755087
64  194  4.11589755087
64  195  4.11589755087
64  196  4.11589755087
64  197  4.11589755087
64  198  4.11589755087
64  199  4.11589755087
64  200  4.11589755087
64  201  4.11589755087
64  202  4.11589755087
64  203  4.11589755087
64  204  4.11589755087
64  205  4.11589755087
64  206  4.11589755087
64  207  4.11589755087
64  208  4.11498497574
64  242  4.49378692243
64  299  5.93889001537
65  6  6.34558549052
65  186  4.36768317483
65  190  4.11526499816
65  191  4.11589755087
65  192  4.11589755087
65  193  4.11589755087
65  194  4.11589755087
65  195  4.11589755087
65  196  4.11589755087
65  197  4.11589755087
65  198  4.11589755087
65  199  4.11589755087
65  200  4.11589755087
65  201  4.11589755087
65  202  4.11589755087
65  203  4.11589755087
65  204  4.11589755087
65  205  4.11589755087
65  206  4.11589755087
65  207  4.11589755087
65  208  4.11487613584
65  299  6.1989418812
66  190  4.11504298693
66  191  4.11589755087
66  192  4.11589755087
66  193  4.11589755087
66  194  4.11589755087
66  195  4.11589755087
66  196  4.11589755087
66  197  4.11589755087
66  198  4.11589755087
66  199  4.11589755087
66  200  4.11589755087
66  201  4.11589755087
66  202  4.11589755087
66  203  4.11589755087
66  204  4.11589755087
66  205  4.11589755087
66  206  4.11589755087
66  207  4.11589755087
66  208  4.1149034675
66  284  4.18098274881
66  299  6.03991192719
67  190  4.11502119137
67  191  4.11589755087
67  192  4.11589755087
67  193  4.11589755087
67  194  4.11589755087
67  195  4.11589755087
67  196  4.11589755087
67  197  4.11589755087
67  198  4.11589755087
67  199  4.11589755087
67  200  4.11589755087
67  201  4.11589755087
67  202  4.11589755087
67  203  4.11589755087
67  204  4.11589755087
67  205  4.11589755087
67  206  4.11589755087
67  207  4.11589755087
67  208  4.11493418497
67  218  4.24385132894
67  223  4.58421509053
67  299  5.79552918685
67  454  4.44150679505
68  190  4.11491116491
68  191  4.11589755087
68  192  4.11589755087
68  193  4.11589755087
68  194  4.11589755087
68  195  4.11589755087
68  196  4.11589755087
68  197  4.11589755087
68  198  4.11589755087
68  199  4.11589755087
68  200  4.11589755087
68  201  4.11589755087
68  202  4.11589755087
68  203  4.11589755087
68  204  4.11589755087
68  205  4.11589755087
68  206  4.11589755087
68  207  4.11589755087
68  208  4.11488657081
68  299  5.78852417881
68  440  5.9599084792
69  190  4.1150565097
69  191  4.11589755087
69  192  4.11589755087
69  193  4.11589755087
69  194  4.11589755087
69  195  4.11589755087
69  196  4.11589755087
69  197  4.11589755087
69  198  4.11589755087
69  199  4.11589755087
69  200  4.11589755087
69  201  4.11589755087
69  202  4.11589755087
69  203  4.11589755087
69  204  4.11589755087
69  205  4.11589755087
69  206  4.11589755087
69  207  4.11589755087
69  208  4.11504603129
69  299  5.32364209015
70  50  4.68596652364
70  190  4.11488402347
70  191  4.11589755087
70  192  4.11589755087
70  193  4.11589755087
70  194  4.11589755087
70  195  4.11589755087
70  196  4.11589755087
70  197  4.11589755087
70  198  4.11589755087
70  199  4.11589755087
70  200  4.11589755087
70  201  4.11589755087
70  202  4.11589755087
70  203  4.11589755087
70  204  4.11589755087
70  205  4.11589755087
70  206  4.11589755087
70  207  4.11589755087
70  208  4.11486652079
70  292  5.16001968135
70  314  4.50403998042
70  355  4.8286651591
71  29  4.50612378699
71  190  4.11492327589
71  191  4.11589755087
71  192  4.11589755087
71  193  4.11589755087
71  194  4.11589755087
71  195  4.11589755087
71  196  4.11589755087
71  197  4.11589755087
71  198  4.11589755087
71  199  4.11589755087
71  200  4.11589755087
71  201  4.11589755087
71  202  4.11589755087
71  203  4.11589755087
71  204  4.11589755087
71  205  4.11589755087
71  206  4.11589755087
71  207  4.11589755087
71  208  4.11495155026
72  29  4.243462384
72  174  4.83700164189
72  190  4.1150088591
72  191  4.11589755087
72  192  4.11589755087
72  193  4.11589755087
72  194  4.11589755087
72  195  4.11589755087
72  196  4.11589755087
72  197  4.11589755087
72  198  4.11589755087
72  199  4.11589755087
72  200  4.11589755087
72  201  4.11589755087
72  202  4.11589755087
72  203  4.11589755087
72  204  4.11589755087
72  205  4.11589755087
72  206  4.11589755087
72  207  4.11589755087
72  208  4.11523523659
73  29  4.17703980125
73  190  4.11497997036
73  191  4.11589755087
73  192  4.11589755087
73  193  4.11589755087
73  194  4.11589755087
73  195  4.11589755087
73  196  4.11589755087
73  197  4.11589755087
73  198  4.11589755087
73  199  4.11589755087
73  200  4.11589755087
73  201  4.11589755087
73  202  4.11589755087
73  203  4.11589755087
73  204  4.11589755087
73  205  4.11589755087
73  206  4.11589755087
73  207  4.11589755087
73  208  4.11515137392
73  386  5.4909280836
74  29  4.1882206456
74  190  4.1154883745
74  191  4.11589755087
74  192  4.11589755087
74  193  4.11589755087
74  194  4.11589755087
74  195  4.11589755087
74  196  4.11589755087
74  197  4.11589755087
74  198  4.11589755087
74  199  4.11589755087
74  200  4.11589755087
74  201  4.11589755087
74  202  4.11589755087
74  203  4.11589755087
74  204  4.11589755087
74  205  4.11589755087
74  206  4.11589755087
74  207  4.11589755087
74  208  4.11525637816
74  292  4.32259010612
75  29  4.15273742171
75  190  4.11497825309
75  191  4.11589755087
75  192  4.11589755087
75  193  4.11589755087
75  194  4.11589755087
75  195  4.11589755087
75  196  4.11589755087
75  197  4.11589755087
75  198  4.11589755087
75  199  4.11589755087
75  200  4.11589755087
75  201  4.11589755087
75  202  4.11589755087
75  203  4.11589755087
75  204  4.11589755087
75  205  4.11589755087
75  206  4.11589755087
75  207  4.11589755087
75  208  4.11504511201
75  236  4.54197528351
75  488  7.43956324009
76  29  4.248262927
76  46  4.41103902793
76  190  4.11516324978
76  191  4.11589755087
76  192  4.11589755087
76  193  4.11589755087
76  194  4.11589755087
76  195  4.11589755087
76  196  4.11589755087
76  197  4.11589755087
76  198  4.11589755087
76  199  4.11589755087
76  200  4.11589755087
76  201  4.11589755087
76  202  4.11589755087
76  203  4.11589755087
76  204  4.11589755087
76  205  4.11589755087
76  206  4.11589755087
76  207  4.11589755087
76  208  4.11506904338
76  375  4.76849307321
77  29  4.17579777171
77  190  4.11577368363
77  191  4.11589755087
77  192  4.11589755087
77  193  4.11589755087
77  194  4.11589755087
77  195  4.11589755087
77  196  4.11589755087
77  197  4.11589755087
77  198  4.11589755087
77  199  4.11589755087
77  200  4.11589755087
77  201  4.11589755087
77  202  4.11589755087
77  203  4.11589755087
77  204  4.11589755087
77  205  4.11589755087
77  206  4.11589755087
77  207  4.11589755087
77  208  4.11502224137
78  29  4.34846847197
78  97  4.09621772792
78  190  4.11510003162
78  191  4.11589755087
78  192  4.11589755087
78  193  4.11589755087
78  194  4.11589755087
78  195  4.11589755087
78  196  4.11589755087
78  197  4.11589755087
78  198  4.11589755087
78  199  4.11589755087
78  200  4.11589755087
78  201  4.11589755087
78  202  4.11589755087
78  203  4.11589755087
78  204  4.11589755087
78  205  4.11589755087
78  206  4.11589755087
78  207  4.11589755087
78  208  4.11534619454
78  490  4.50394826912
79  29  4.23400986096
79  190  4.11578105548
79  191  4.11589755087
79  192  4.11589755087
79  193  4.11589755087
79  194  4.11589755087
79  195  4.11589755087
79  196  4.11589755087
79  197  4.11589755087
79  198  4.11589755087
79  199  4.11589755087
79  200  4.11589755087
79  201  4.11589755087
79  202  4.11589755087
79  203  4.11589755087
79  204  4.11589755087
79  205  4.11589755087
79  206  4.11589755087
79  207  4.11589755087
79  208  4.11495795123
79  290  4.37563195189
79  367  4.69603560601
80  29  4.35193631087
80  73  4.94967489324
80  190  4.11525289861
80  191  4.11589755087
80  192  4.11589755087
80  193  4.11589755087
80  194  4.11589755087
80  195  4.11589755087
80  196  4.11589755087
80  197  4.11589755087
80  198  4.11589755087
80  199  4.11589755087
80  200  4.11589755087
80  201  4.11589755087
80  202  4.11589755087
80  203  4.11589755087
80  204  4.11589755087
80  205  4.11589755087
80  206  4.11589755087
80  207  4.11589755087
80  208  4.11540235691
81  29  4.34041811832
81  190  4.1149849296
81  191  4.11589755087
81  192  4.11589755087
81  193  4.11589755087
81  194  4.11589755087
81  195  4.11589755087
81  196  4.11589755087
81  197  4.11589755087
81  198  4.11589755087
81  199  4.11589755087
81  200  4.11589755087
81  201  4.11589755087
81  202  4.11589755087
81  203  4.11589755087
81  204  4.11589755087
81  205  4.11589755087
81  206  4.11589755087
81  207  4.11589755087
81  208  4.1152395374
82  29  4.31727347965
82  190  4.11540378811
82  191  4.11589755087
82  192  4.11589755087
82  193  4.11589755087
82  194  4.11589755087
82  195  4.11589755087
82  196  4.11589755087
82  197  4.11589755087
82  198  4.11589755087
82  199  4.11589755087
82  200  4.11589755087
82  201  4.11589755087
82  202  4.11589755087
82  203  4.11589755087
82  204  4.11589755087
82  205  4.11589755087
82  206  4.11589755087
82  207  4.11589755087
82  208  4.11504099765
83  29  4.13800814058
83  190  4.1149092658
83  191  4.11589755087
83  192  4.11589755087
83  193  4.11589755087
83  194  4.11589755087
83  195  4.11589755087
83  196  4.11589755087
83  197  4.11589755087
83  198  4.11589755087
83  199  4.11589755087
83  200  4.11589755087
83  201  4.11589755087
83  202  4.11589755087
83  203  4.11589755087
83  204  4.11589755087
83  205  4.11589755087
83  206  4.11589755087
83  207  4.11589755087
83  208  4.11499895104
84  29  4.2283500368
84  77  4.48299560965
84  190  4.11493522568
84  191  4.11589755087
84  192  4.11589755087
84  193  4.11589755087
84  194  4.11589755087
84  195  4.11589755087
84  196  4.11589755087
84  197  4.11589755087
84  198  4.11589755087
84  199  4.11589755087
84  200  4.11589755087
84  201  4.11589755087
84  202  4.11589755087
84  203  4.11589755087
84  204  4.11589755087
84  205  4.11589755087
84  206  4.11589755087
84  207  4.11589755087
84  208  4.11502203796
84  474  5.59787174935
85  29  4.21627993213
85  144  4.17040798741
85  190  4.11488088274
85  191  4.11589755087
85  192  4.11589755087
85  193  4.11589755087
85  194  4.11589755087
85  195  4.11589755087
85  196  4.11589755087
85  197  4.11589755087
85  198  4.11589755087
85  199  4.11589755087
85  200  4.11589755087
85  201  4.11589755087
85  202  4.11589755087
85  203  4.11589755087
85  204  4.11589755087
85  205  4.11589755087
85  206  4.11589755087
85  207  4.11589755087
85  208  4.11512121074
86  21  4.39180981319
86  29  4.32720762208
86  190  4.11516544182
86  191  4.11589755087
86  192  4.11589755087
86  193  4.11589755087
86  194  4.11589755087
86  195  4.11589755087
86  196  4.11589755087
86  197  4.11589755087
86  198  4.11589755087
86  199  4.11589755087
86  200  4.11589755087
86  201  4.11589755087
86  202  4.11589755087
86  203  4.11589755087
86  204  4.11589755087
86  205  4.11589755087
86  206  4.11589755087
86  207  4.11589755087
86  208  4.11500403374
87  29  4.11733432157
87  190  4.11533489068
87  191  4.11589755087
87  192  4.11589755087
87  193  4.11589755087
87  194  4.11589755087
87  195  4.11589755087
87  196  4.11589755087
87  197  4.11589755087
87  198  4.11589755087
87  199  4.11589755087
87  200  4.11589755087
87  201  4.11589755087
87  202  4.11589755087
87  203  4.11589755087
87  204  4.11589755087
87  205  4.11589755087
87  206  4.11589755087
87  207  4.11589755087
87  208  4.11521760905
87  273  4.56342750157
87  468  4.73272005146
88  29  4.13167887873
88  129  4.10628263649
88  190  4.11517760016
88  191  4.11589755087
88  192  4.11589755087
88  193  4.11589755087
88  194  4.11589755087
88  195  4.11589755087
88  196  4.11589755087
88  197  4.11589755087
88  198  4.11589755087
88  199  4.11589755087
88  200  4.11589755087
88  201  4.11589755087
88  202  4.11589755087
88  203  4.11589755087
88  204  4.11589755087
88  205  4.11589755087
88  206  4.11589755087
88  207  4.11589755087
88  208  4.11491706325
88  233  5.18556930016
89  29  4.21089296547
89  190  4.11518955828
89  191  4.11589755087
89  192  4.11589755087
89  193  4.11589755087
89  194  4.11589755087
89  195  4.11589755087
89  196  4.11589755087
89  197  4.11589755087
89  198  4.11589755087
89  199  4.11589755087
89  200  4.11589755087
89  201  4.11589755087
89  202  4.11589755087
89  203  4.11589755087
89  204  4.11589755087
89  205  4.11589755087
89  206  4.11589755087
89  207  4.11589755087
89  208  4.11508555171
90  29  4.25433462383
90  190  4.11510983575
90  191  4.11589755087
90  192  4.11589755087
90  193  4.11589755087
90  194  4.11589755087
90  195  4.11589755087
90  196  4.11589755087
90  197  4.11589755087
90  198  4.11589755087
90  199  4.11589755087
90  200  4.11589755087
90  201  4.11589755087
90  202  4.11589755087
90  203  4.11589755087
90  204  4.11589755087
90  205  4.11589755087
90  206  4.11589755087
90  207  4.11589755087
90  208  4.11492348957
90  431  5.23879616134
91  29  4.19810475996
91  184  4.35022430277
91  190  4.11501783747
91  191  4.11589755087
91  192  4.11589755087
91  193  4.11589755087
91  194  4.11589755087
91  195  4.11589755087
91  196  4.11589755087
91  197  4.11589755087
91  198  4.11589755087
91  199  4.11589755087
91  200  4.11589755087
91  201  4.11589755087
91  202  4.11589755087
91  203  4.11589755087
91  204  4.11589755087
91  205  4.11589755087
91  206  4.11589755087
91  207  4.11589755087
91  208  4.11490111374
92  29  4.21012897035
92  190  4.11490980966
92  191  4.11589755087
92  192  4.11589755087
92  193  4.11589755087
92  194  4.11589755087
92  195  4.11589755087
92  196  4.11589755087
92  197  4.11589755087
92  198  4.11589755087
92  199  4.11589755087
92  200  4.11589755087
92  201  4.11589755087
92  202  4.11589755087
92  203  4.11589755087
92  204  4.11589755087
92  205  4.11589755087
92  206  4.11589755087
92  207  4.11589755087
92  208  4.11515511157
93  29  4.34875908937
93  49  4.80143490354
93  190  4.1153272341
93  191  4.11589755087
93  192  4.11589755087
93  193  4.11589755087
93  194  4.11589755087
93  195  4.11589755087
93  196  4.11589755087
93  197  4.11589755087
93  198  4.11589755087
93  199  4.11589755087
93  200  4.11589755087
93  201  4.11589755087
93  202  4.11589755087
93  203  4.11589755087
93  204  4.11589755087
93  205  4.11589755087
93  206  4.11589755087
93  207  4.11589755087
93  208  4.11506180119
93  352  4.55327959777
94  29  4.18658032948
94  190  4.11518992717
94  191  4.11589755087
94  192  4.11589755087
94  193  4.11589755087
94  194  4.11589755087
94  195  4.11589755087
94  196  4.11589755087
94  197  4.11589755087
94  198  4.11589755087
94  199  4.11589755087
94  200  4.11589755087
94  201  4.11589755087
94  202  4.11589755087
94  203  4.11589755087
94  204  4.11589755087
94  205  4.11589755087
94  206  4.11589755087
94  207  4.11589755087
94  208  4.11523289984
94  291  5.20900856792
95  29  4.19824018791
95  48  4.82172150471
95  98  4.46531407109
95  190  4.11488873588
95  191  4.11589755087
95  192  4.11589755087
95  193  4.11589755087
95  194  4.11589755087
95  195  4.11589755087
95  196  4.11589755087
95  197  4.11589755087
95  198  4.11589755087
95  199  4.11589755087
95  200  4.11589755087
95  201  4.11589755087
95  202  4.11589755087
95  203  4.11589755087
95  204  4.11589755087
95  205  4.11589755087
95  206  4.11589755087
95  207  4.11589755087
95  208  4.1155552032
96  29  4.28216798534
96  190  4.11489234061
96  191  4.11589755087
96  192  4.11589755087
96  193  4.11589755087
96  194  4.11589755087
96  195  4.11589755087
96  196  4.11589755087
96  197  4.11589755087
96  198  4.11589755087
96  199  4.11589755087
96  200  4.11589755087
96  201  4.11589755087
96  202  4.11589755087
96  203  4.11589755087
96  204  4.11589755087
96  205  4.11589755087
96  206  4.11589755087
96  207  4.11589755087
96  208  4.11504812026
97  29  4.20012659261
97  190  4.11493179164
97  191  4.11589755087
97  192  4.11589755087
97  193  4.11589755087
97  194  4.11589755087
97  195  4.11589755087
97  196  4.11589755087
97  197  4.11589755087
97  198  4.11589755087
97  199  4.11589755087
97  200  4.11589755087
97  201  4.11589755087
97  202  4.11589755087
97  203  4.11589755087
97  204  4.11589755087
97  205  4.11589755087
97  206  4.11589755087
97  207  4.11589755087
97  208  4.11488983522
97  238  4.33182453896
97  269  4.1521644537
98  29  4.26934791383
98  34  4.19399657239
98  190  4.11489316011
98  191  4.11589755087
98  192  4.11589755087
98  193  4.11589755087
98  194  4.11589755087
98  195  4.11589755087
98  196  4.11589755087
98  197  4.11589755087
98  198  4.11589755087
98  199  4.11589755087
98  200  4.11589755087
98  201  4.11589755087
98  202  4.11589755087
98  203  4.11589755087
98  204  4.11589755087
98  205  4.11589755087
98  206  4.11589755087
98  207  4.11589755087
98  208  4.11487886584
99  162  4.16384635387
99  190  4.11486340146
99  191  4.11589755087
99  192  4.11589755087
99  193  4.11589755087
99  194  4.11589755087
99  195  4.11589755087
99  196  4.11589755087
99  197  4.11589755087
99  198  4.11589755087
99  199  4.11589755087
99  200  4.11589755087
99  201  4.11589755087
99  202  4.11589755087
99  203  4.11589755087
99  204  4.11589755087
99  205  4.11589755087
99  206  4.11589755087
99  207  4.11589755087
99  208  4.11497175961
99  484  5.25943660462
100  190  4.11487842417
100  191  4.11589755087
100  192  4.11589755087
100  193  4.11589755087
100  194  4.11589755087
100  195  4.11589755087
100  196  4.11589755087
100  197  4.11589755087
100  198  4.11589755087
100  199  4.11589755087
100  200  4.11589755087
100  201  4.11589755087
100  202  4.11589755087
100  203  4.11589755087
100  204  4.11589755087
100  205  4.11589755087
100  206  4.11589755087
100  207  4.11589755087
100  208  4.11488034827
100  249  4.48222223171
100  351  4.13816150009
101  190  4.11519620933
101  191  4.11589755087
101  192  4.11589755087
101  193  4.11589755087
101  194  4.11589755087
101  195  4.11589755087
101  196  4.11589755087
101  197  4.11589755087
101  198  4.11589755087
101  199  4.11589755087
101  200  4.11589755087
101  201  4.11589755087
101  202  4.11589755087
101  203  4.11589755087
101  204  4.11589755087
101  205  4.11589755087
101  206  4.11589755087
101  207  4.11589755087
101  208  4.11514101846
102  190  4.11506796333
102  191  4.11589755087
102  192  4.11589755087
102  193  4.11589755087
102  194  4.11589755087
102  195  4.11589755087
102  196  4.11589755087
102  197  4.11589755087
102  198  4.11589755087
102  199  4.11589755087
102  200  4.11589755087
102  201  4.11589755087
102  202  4.11589755087
102  203  4.11589755087
102  204  4.11589755087
102  205  4.11589755087
102  206  4.11589755087
102  207  4.11589755087
102  208  4.11500436352
102  403  5.62501874333
103  190  4.11514684823
103  191  4.11589755087
103  192  4.11589755087
103  193  4.11589755087
103  194  4.11589755087
103  195  4.11589755087
103  196  4.11589755087
103  197  4.11589755087
103  198  4.11589755087
103  199  4.11589755087
103  200  4.11589755087
103  201  4.11589755087
103  202  4.11589755087
103  203  4.11589755087
103  204  4.11589755087
103  205  4.11589755087
103  206  4.11589755087
103  207  4.11589755087
103  208  4.1154397437
104  143  4.18347135975
104  190  4.1156301701
104  191  4.11589755087
104  192  4.11589755087
104  193  4.11589755087
104  194  4.11589755087
104  195  4.11589755087
104  196  4.11589755087
104  197  4.11589755087
104  198  4.11589755087
104  199  4.11589755087
104  200  4.11589755087
104  201  4.11589755087
104  202  4.11589755087
104  203  4.11589755087
104  204  4.11589755087
104  205  4.11589755087
104  206  4.11589755087
104  207  4.11589755087
104  208  4.11502873735
104  416  5.01020977453
105  190  4.11561470807
105  191  4.11589755087
105  192  4.11589755087
105  193  4.11589755087
105  194  4.11589755087
105  195  4.11589755087
105  196  4.11589755087
105  197  4.11589755087
105  198  4.11589755087
105  199  4.11589755087
105  200  4.11589755087
105  201  4.11589755087
105  202  4.11589755087
105  203  4.11589755087
105  204  4.11589755087
105  205  4.11589755087
105  206  4.11589755087
105  207  4.11589755087
105  208  4.11487310801
105  224  4.45803774178
105  235  4.79573830524
106  190  4.11519269785
106  191  4.11589755087
106  192  4.11589755087
106  193  4.11589755087
106  194  4.11589755087
106  195  4.11589755087
106  196  4.11589755087
106  197  4.11589755087
106  198  4.11589755087
106  199  4.11589755087
106  200  4.11589755087
106  201  4.11589755087
106  202  4.11589755087
106  203  4.11589755087
106  204  4.11589755087
106  205  4.11589755087
106  206  4.11589755087
106  207  4.11589755087
106  208  4.11506175985
106  447  4.39813707139
107  102  7.7322861503
107  190  4.11491852103
107  191  4.11589755087
107  192  4.11589755087
107  193  4.11589755087
107  194  4.11589755087
107  195  4.11589755087
107  196  4.11589755087
107  197  4.11589755087
107  198  4.11589755087
107  199  4.11589755087
107  200  4.11589755087
107  201  4.11589755087
107  202  4.11589755087
107  203  4.11589755087
107  204  4.11589755087
107  205  4.11589755087
107  206  4.11589755087
107  207  4.11589755087
107  208  4.114907892
107  447  6.34044470384
107  454  5.73684325767
108  39  4.2859361877
108  190  4.11508740513
108  191  4.11589755087
108  192  4.11589755087
108  193  4.11589755087
108  194  4.11589755087
108  195  4.11589755087
108  196  4.11589755087
108  197  4.11589755087
108  198  4.11589755087
108  199  4.11589755087
108  200  4.11589755087
108  201  4.11589755087
108  202  4.11589755087
108  203  4.11589755087
108  204  4.11589755087
108  205  4.11589755087
108  206  4.11589755087
108  207  4.11589755087
108  208  4.11493864392
108  399  4.47663225727
108  492  4.96582755066
109  109  4.43813183199
109  190  4.11512678685
109  191  4.11589755087
109  192  4.11589755087
109  193  4.11589755087
109  194  4.11589755087
109  195  4.11589755087
109  196  4.11589755087
109  197  4.11589755087
109  198  4.11589755087
109  199  4.11589755087
109  200  4.11589755087
109  201  4.11589755087
109  202  4.11589755087
109  203  4.11589755087
109  204  4.11589755087
109  205  4.11589755087
109  206  4.11589755087
109  207  4.11589755087
109  208  4.11493307347
110  190  4.11528816798
110  191  4.11589755087
110  192  4.11589755087
110  193  4.11589755087
110  194  4.11589755087
110  195  4.11589755087
110  196  4.11589755087
110  197  4.11589755087
110  198  4.11589755087
110  199  4.11589755087
110  200  4.11589755087
110  201  4.11589755087
110  202  4.11589755087
110  203  4.11589755087
110  204  4.11589755087
110  205  4.11589755087
110  206  4.11589755087
110  207  4.11589755087
110  208  4.11522870734
110  296  5.52558416167
111  190  4.11492562102
111  191  4.11589755087
111  192  4.11589755087
111  193  4.11589755087
111  194  4.11589755087
111  195  4.11589755087
111  196  4.11589755087
111  197  4.11589755087
111  198  4.11589755087
111  199  4.11589755087
111  200  4.11589755087
111  201  4.11589755087
111  202  4.11589755087
111  203  4.11589755087
111  204  4.11589755087
111  205  4.11589755087
111  206  4.11589755087
111  207  4.11589755087
111  208  4.11490289784
112  20  4.12066399806
112  58  4.1009573613
112  190  4.114933223
112  191  4.11589755087
112  192  4.11589755087
112  193  4.11589755087
112  194  4.11589755087
112  195  4.11589755087
112  196  4.11589755087
112  197  4.11589755087
112  198  4.11589755087
112  199  4.11589755087
112  200  4.11589755087
112  201  4.11589755087
112  202  4.11589755087
112  203  4.11589755087
112  204  4.11589755087
112  205  4.11589755087
112  206  4.11589755087
112  207  4.11589755087
112  208  4.11486975385
112  320  4.42679968881
112  423  4.5086477153
113  190  4.11485487943
113  191  4.11589755087
113  192  4.11589755087
113  193  4.11589755087
113  194  4.11589755087
113  195  4.11589755087
113  196  4.11589755087
113  197  4.11589755087
113  198  4.11589755087
113  199  4.11589755087
113  200  4.11589755087
113  201  4.11589755087
113  202  4.11589755087
113  203  4.11589755087
113  204  4.11589755087
113  205  4.11589755087
113  206  4.11589755087
113  207  4.11589755087
113  208  4.1149557314
114  65  4.58850498412
114  173  4.45657874768
114  190  4.11493513871
114  191  4.11589755087
114  192  4.11589755087
114  193  4.11589755087
114  194  4.11589755087
114  195  4.11589755087
114  196  4.11589755087
114  197  4.11589755087
114  198  4.11589755087
114  199  4.11589755087
114  200  4.11589755087
114  201  4.11589755087
114  202  4.11589755087
114  203  4.11589755087
114  204  4.11589755087
114  205  4.11589755087
114  206  4.11589755087
114  207  4.11589755087
114  208  4.1152703869
115  190  4.11486153466
115  191  4.11589755087
115  192  4.11589755087
115  193  4.11589755087
115  194  4.11589755087
115  195  4.11589755087
115  196  4.11589755087
115  197  4.11589755087
115  198  4.11589755087
115  199  4.11589755087
115  200  4.11589755087
115  201  4.11589755087
115  202  4.11589755087
115  203  4.11589755087
115  204  4.11589755087
115  205  4.11589755087
115  206  4.11589755087
115  207  4.11589755087
115  208  4.11555180432
115  424  4.50180378464
116  148  4.41525768712
116  190  4.11504071572
116  191  4.11589755087
116  192  4.11589755087
116  193  4.11589755087
116  194  4.11589755087
116  195  4.11589755087
116  196  4.11589755087
116  197  4.11589755087
116  198  4.11589755087
116  199  4.11589755087
116  200  4.11589755087
116  201  4.11589755087
116  202  4.11589755087
116  203  4.11589755087
116  204  4.11589755087
116  205  4.11589755087
116  206  4.11589755087
116  207  4.11589755087
116  208  4.11506634117
116  240  4.79509254998
117  27  4.97584748726
117  190  4.1149145463
117  191  4.11589755087
117  192  4.11589755087
117  193  4.11589755087
117  194  4.11589755087
117  195  4.11589755087
117  196  4.11589755087
117  197  4.11589755087
117  198  4.11589755087
117  199  4.11589755087
117  200  4.11589755087
117  201  4.11589755087
117  202  4.11589755087
117  203  4.11589755087
117  204  4.11589755087
117  205  4.11589755087
117  206  4.11589755087
117  207  4.11589755087
117  208  4.11505392469
117  367  4.46788870998
117  453  4.4750619118
118  119  4.64512999621
118  190  4.11490906079
118  191  4.11589755087
118  192  4.11589755087
118  193  4.11589755087
118  194  4.11589755087
118  195  4.11589755087
118  196  4.11589755087
118  197  4.11589755087
118  198  4.11589755087
118  199  4.11589755087
118  200  4.11589755087
118  201  4.11589755087
118  202  4.11589755087
118  203  4.11589755087
118  204  4.11589755087
118  205  4.11589755087
118  206  4.11589755087
118  207  4.11589755087
118  208  4.11487924025
118  371  4.38134845485
119  24  4.77740588439
119  190  4.1148781884
119  191  4.11589755087
119  192  4.11589755087
119  193  4.11589755087
119  194  4.11589755087
119  195  4.11589755087
119  196  4.11589755087
119  197  4.11589755087
119  198  4.11589755087
119  199  4.11589755087
119  200  4.11589755087
119  201  4.11589755087
119  202  4.11589755087
119  203  4.11589755087
119  204  4.11589755087
119  205  4.11589755087
119  206  4.11589755087
119  207  4.11589755087
119  208  4.1149306886
119  261  5.1698756115
119  305  4.26146805004
119  484  5.86901988199
120  190  4.11488249638
120  191  4.11589755087
120  192  4.11589755087
120  193  4.11589755087
120  194  4.11589755087
120  195  4.11589755087
120  196  4.11589755087
120  197  4.11589755087
120  198  4.11589755087
120  199  4.11589755087
120  200  4.11589755087
120  201  4.11589755087
120  202  4.11589755087
120  203  4.11589755087
120  204  4.11589755087
120  205  4.11589755087
120  206  4.11589755087
120  207  4.11589755087
120  208  4.11493880819
121  190  4.1148894089
121  191  4.11589755087
121  192  4.11589755087
121  193  4.11589755087
121  194  4.11589755087
121  195  4.11589755087
121  196  4.11589755087
121  197  4.11589755087
121  198  4.11589755087
121  199  4.11589755087
121  200  4.11589755087
121  201  4.11589755087
121  202  4.11589755087
121  203  4.11589755087
121  204  4.11589755087
121  205  4.11589755087
121  206  4.11589755087
121  207  4.11589755087
121  208  4.11497411687
122  190  4.11503285992
122  191  4.11589755087
122  192  4.11589755087
122  193  4.11589755087
122  194  4.11589755087
122  195  4.11589755087
122  196  4.11589755087
122  197  4.11589755087
122  198  4.11589755087
122  199  4.11589755087
122  200  4.11589755087
122  201  4.11589755087
122  202  4.11589755087
122  203  4.11589755087
122  204  4.11589755087
122  205  4.11589755087
122  206  4.11589755087
122  207  4.11589755087
122  208  4.11489705222
123  190  4.11498059677
123  191  4.11589755087
123  192  4.11589755087
123  193  4.11589755087
123  194  4.11589755087
123  195  4.11589755087
123  196  4.11589755087
123  197  4.11589755087
123  198  4.11589755087
123  199  4.11589755087
123  200  4.11589755087
123  201  4.11589755087
123  202  4.11589755087
123  203  4.11589755087
123  204  4.11589755087
123  205  4.11589755087
123  206  4.11589755087
123  207  4.11589755087
123  208  4.1149556595
124  71  4.41370292845
124  190  4.11516502731
124  191  4.11589755087
124  192  4.11589755087
124  193  4.11589755087
124  194  4.11589755087
124  195  4.11589755087
124  196  4.11589755087
124  197  4.11589755087
124  198  4.11589755087
124  199  4.11589755087
124  200  4.11589755087
124  201  4.11589755087
124  202  4.11589755087
124  203  4.11589755087
124  204  4.11589755087
124  205  4.11589755087
124  206  4.11589755087
124  207  4.11589755087
124  208  4.11497960138
125  190  4.11529548707
125  191  4.11589755087
125  192  4.11589755087
125  193  4.11589755087
125  194  4.11589755087
125  195  4.11589755087
125  196  4.11589755087
125  197  4.11589755087
125  198  4.11589755087
125  199  4.11589755087
125  200  4.11589755087
125  201  4.11589755087
125  202  4.11589755087
125  203  4.11589755087
125  204  4.11589755087
125  205  4.11589755087
125  206  4.11589755087
125  207  4.11589755087
125  208  4.11503357606
126  190  4.11395785233
126  191  4.11481150922
126  192  4.11481150922
126  193  4.11481150922
126  194  4.11481150922
126  195  4.11481150922
126  196  4.11481150922
126  197  4.11481150922
126  198  4.11481150922
126  199  4.11481150922
126  200  4.11481150922
126  201  4.11481150922
126  202  4.11481150922
126  203  4.11481150922
126  204  4.11481150922
126  205  4.11481150922
126  206  4.11481150922
126  207  4.11481150922
126  208  4.1139118946
127  263  5.9423420936
