Row  Column  Power
0  13  4.68706543406
0  22  4.84814827977
0  28  3.64619968219
0  33  3.6691381527
0  87  4.87405383104
0  95  4.1102074462
0  141  3.50714085007
0  142  3.74091468601
0  152  3.74608682168
0  157  6.15059409472
0  176  4.0713055053
0  187  4.07009868604
0  189  4.0
0  190  4.0
0  191  4.0
0  192  4.0
0  193  4.0
0  194  4.0
0  195  4.0
0  196  4.0
0  197  4.0
0  198  4.0
0  199  4.0
0  200  4.0
0  201  4.0
0  202  4.0
0  203  4.0
0  204  4.0
0  205  4.0
0  206  4.0
0  207  4.0
0  208  4.0
0  209  4.0
0  297  4.97887996526
0  304  3.58442100577
0  335  4.29142261047
0  344  3.73938511781
0  352  5.9988873139
0  408  3.42459022879
0  416  4.94693884636
0  445  3.92426880273
0  450  4.33266985798
1  13  4.0408415245
1  18  5.58533536641
1  26  3.66166054805
1  100  4.19704621344
1  113  4.16327914189
1  119  3.81666598468
1  179  4.87441126865
1  189  4.0
1  190  4.0
1  191  4.0
1  192  4.0
1  193  4.0
1  194  4.0
1  195  4.0
1  196  4.0
1  197  4.0
1  198  4.0
1  199  4.0
1  200  4.0
1  201  4.0
1  202  4.0
1  203  4.0
1  204  4.0
1  205  4.0
1  206  4.0
1  207  4.0
1  208  4.0
1  209  4.0
1  220  3.49952546692
1  247  3.65781891475
1  316  3.78310984207
1  330  3.4645646926
1  420  4.12684708714
1  436  3.81201226799
1  452  6.43682674612
1  467  4.83265771711
2  3  3.59703455709
2  18  13.3282795505
2  25  8.70817306388
2  42  8.32456742373
2  106  5.54571671521
2  108  3.6390478534
2  113  4.54005241243
2  129  4.26105593727
2  189  4.0
2  190  4.0
2  191  4.0
2  192  4.0
2  193  4.0
2  194  4.0
2  195  4.0
2  196  4.0
2  197  4.0
2  198  4.0
2  199  4.0
2  200  4.0
2  201  4.0
2  202  4.0
2  203  4.0
2  204  4.0
2  205  4.0
2  206  4.0
2  207  4.0
2  208  4.0
2  209  4.0
2  232  3.94780533591
2  243  4.20087919156
2  248  4.25207253208
2  308  3.55213891316
2  309  3.47578736541
2  310  5.50835503025
2  312  3.77959621599
2  355  6.05022556889
2  414  4.81638154283
3  30  5.43789116117
3  61  3.77932909294
3  73  3.623403439
3  79  4.08351988546
3  91  5.09222563249
3  126  4.2810318191
3  154  3.49671471573
3  157  4.26200931483
3  158  5.62447910774
3  189  4.0
3  190  4.0
3  191  4.0
3  192  4.0
3  193  4.0
3  194  4.0
3  195  4.0
3  196  4.0
3  197  4.0
3  198  4.0
3  199  4.0
3  200  4.0
3  201  4.0
3  202  4.0
3  203  4.0
3  204  4.0
3  205  4.0
3  206  4.0
3  207  4.0
3  208  4.0
3  209  4.0
3  215  3.46895238687
3  219  3.59489086827
3  242  3.80546704383
3  243  5.07228299209
3  268  3.70602710382
3  273  5.22095338843
3  397  5.78672667567
3  409  3.91993753906
3  462  5.53212765885
4  75  3.91651761603
4  132  4.21022301942
4  184  3.94959383862
4  189  4.0
4  190  4.0
4  191  4.0
4  192  4.0
4  193  4.0
4  194  4.0
4  195  4.0
4  196  4.0
4  197  4.0
4  198  4.0
4  199  4.0
4  200  4.0
4  201  4.0
4  202  4.0
4  203  4.0
4  204  4.0
4  205  4.0
4  206  4.0
4  207  4.0
4  208  4.0
4  209  4.0
4  238  5.51500725802
4  270  7.18753498297
4  276  5.69274166807
4  314  4.59717381482
4  317  3.78383356226
4  336  3.72947281741
4  348  6.69606166441
4  368  4.61984374185
4  370  3.66052043705
4  395  4.29025976848
4  407  4.67916708031
4  439  3.52370451971
4  442  3.76354769117
4  480  5.39699669775
5  53  3.8320231547
5  68  4.7487398283
5  75  4.41350491968
5  79  4.26503199741
5  97  4.42541147987
5  105  3.56637411061
5  129  3.40681403903
5  186  4.13083026107
5  189  4.0
5  190  4.0
5  191  4.0
5  192  4.0
5  193  4.0
5  194  4.0
5  195  4.0
5  196  4.0
5  197  4.0
5  198  4.0
5  199  4.0
5  200  4.0
5  201  4.0
5  202  4.0
5  203  4.0
5  204  4.0
5  205  4.0
5  206  4.0
5  207  4.0
5  208  4.0
5  209  4.0
5  218  5.36267431061
5  250  3.6082128677
5  279  4.1799513346
5  299  4.08280319317
5  337  3.76703121685
5  348  4.15387034265
5  401  5.69149751557
5  436  3.95211093848
5  441  3.76526498744
6  57  4.53028926722
6  84  5.72316473962
6  86  4.05011619918
6  104  3.61800513148
6  120  6.07909654015
6  138  3.71489181285
6  189  4.0
6  190  4.0
6  191  4.0
6  192  4.0
6  193  4.0
6  194  4.0
6  195  4.0
6  196  4.0
6  197  4.0
6  198  4.0
6  199  4.0
6  200  4.0
6  201  4.0
6  202  4.0
6  203  4.0
6  204  4.0
6  205  4.0
6  206  4.0
6  207  4.0
6  208  4.0
6  209  4.0
6  240  4.41106814827
6  290  3.53427558535
6  302  3.69005072541
6  335  6.63474389949
6  342  3.41698880771
6  406  4.63073846142
6  442  3.59470213999
6  481  3.49765054208
7  2  5.95033652131
7  6  4.60855456834
7  52  3.59352229693
7  89  3.51116764126
7  148  3.43492681543
7  189  4.0
7  190  4.0
7  191  4.0
7  192  4.0
7  193  4.0
7  194  4.0
7  195  4.0
7  196  4.0
7  197  4.0
7  198  4.0
7  199  4.0
7  200  4.0
7  201  4.0
7  202  4.0
7  203  4.0
7  204  4.0
7  205  4.0
7  206  4.0
7  207  4.0
7  208  4.0
7  209  4.0
7  297  4.64372420402
7  357  4.25802572548
7  365  5.34695585954
7  389  4.13299442552
7  470  5.02729249657
7  477  4.14977832915
7  480  4.33695670253
8  63  3.49860858691
8  137  4.21343075955
8  170  3.72616942256
8  189  4.0
8  190  4.0
8  191  4.0
8  192  4.0
8  193  4.0
8  194  4.0
8  195  4.0
8  196  4.0
8  197  4.0
8  198  4.0
8  199  4.0
8  200  4.0
8  201  4.0
8  202  4.0
8  203  4.0
8  204  4.0
8  205  4.0
8  206  4.0
8  207  4.0
8  208  4.0
8  209  4.0
8  255  3.55099125921
8  281  3.70834066063
8  289  4.50025896445
8  299  4.23672465647
8  302  3.68142487859
8  319  3.60466484389
8  334  3.88515845651
8  372  3.46577194836
8  386  3.63508314108
8  430  3.94566161716
8  482  4.93835678448
9  82  4.3213034264
9  95  3.85659636219
9  133  3.6950282638
9  148  4.94125629692
9  152  3.9291232035
9  163  4.62908235761
9  189  4.0
9  190  4.0
9  191  4.0
9  192  4.0
9  193  4.0
9  194  4.0
9  195  4.0
9  196  4.0
9  197  4.0
9  198  4.0
9  199  4.0
9  200  4.0
9  201  4.0
9  202  4.0
9  203  4.0
9  204  4.0
9  205  4.0
9  206  4.0
9  207  4.0
9  208  4.0
9  209  4.0
9  219  3.55903785694
9  238  5.12410999209
9  250  4.37077482678
9  285  4.24467050263
9  289  7.95344715668
9  290  4.3430716609
9  295  4.40434690367
9  340  5.22736558559
9  343  3.54444751184
9  373  4.77373129593
9  380  3.80182508953
9  411  3.68917292271
9  494  4.63674971207
10  17  3.43238597416
10  33  4.23304360792
10  52  4.09576688328
10  58  4.67920535594
10  99  3.94930037932
10  114  3.41953268963
10  169  5.71332379045
10  170  5.0294329745
10  186  3.4335257651
10  189  4.0
10  190  4.0
10  191  4.0
10  192  4.0
10  193  4.0
10  194  4.0
10  195  4.0
10  196  4.0
10  197  4.0
10  198  4.0
10  199  4.0
10  200  4.0
10  201  4.0
10  202  4.0
10  203  4.0
10  204  4.0
10  205  4.0
10  206  4.0
10  207  4.0
10  208  4.0
10  209  4.0
10  262  3.91455942293
10  271  3.8049001099
10  295  4.28480031843
10  299  7.0
10  315  4.00057655886
10  333  3.46376873479
10  350  4.12613659399
10  378  3.86145731444
10  440  4.51484504431
10  445  3.6125095254
10  450  3.65331818545
10  461  4.96956587174
11  189  4.0
11  190  4.0
11  191  4.0
11  192  4.0
11  193  4.0
11  194  4.0
11  195  4.0
11  196  4.0
11  197  4.0
11  198  4.0
11  199  4.0
11  200  4.0
11  201  4.0
11  202  4.0
11  203  4.0
11  204  4.0
11  205  4.0
11  206  4.0
11  207  4.0
11  208  4.0
11  209  4.0
11  239  3.58924516213
11  251  5.90498050992
11  299  7.0
11  305  4.46365610264
11  384  5.13606393273
11  386  3.4478066433
11  390  4.60336901137
11  408  3.67372597408
11  428  6.48948713401
11  437  5.78240131267
12  189  4.0
12  190  4.0
12  191  4.0
12  192  4.0
12  193  4.0
12  194  4.0
12  195  4.0
12  196  4.0
12  197  4.0
12  198  4.0
12  199  4.0
12  200  4.0
12  201  4.0
12  202  4.0
12  203  4.0
12  204  4.0
12  205  4.0
12  206  4.0
12  207  4.0
12  208  4.0
12  209  4.0
12  234  5.43020743944
12  281  3.45928810102
12  294  4.52613685247
12  299  7.0
12  320  4.00569980715
12  332  3.89418424005
12  348  3.56158829232
12  359  4.9881245119
12  379  6.89657825533
12  405  3.45437287412
12  434  4.31359492472
12  452  3.91241184229
12  475  4.08248076299
13  4  3.44842378976
13  40  4.07206544496
13  43  3.40175094874
13  70  3.40433965819
13  72  5.79262214184
13  91  3.69312341295
13  157  3.53214465565
13  158  3.45719797633
13  162  4.98831523369
13  164  3.62413439534
13  179  3.80877025619
13  189  4.0
13  190  4.0
13  191  4.0
13  192  4.0
13  193  4.0
13  194  4.0
13  195  4.0
13  196  4.0
13  197  4.0
13  198  4.0
13  199  4.0
13  200  4.0
13  201  4.0
13  202  4.0
13  203  4.0
13  204  4.0
13  205  4.0
13  206  4.0
13  207  4.0
13  208  4.0
13  209  4.0
13  251  4.94509885989
13  296  4.59411749185
13  299  7.0
13  389  4.7348188895
13  390  3.52124589997
13  394  3.4158289176
13  400  4.98679542054
13  417  5.87075073136
13  451  3.61990841931
13  460  4.89165861108
14  4  3.5817910995
14  55  3.42817867413
14  152  3.69241433194
14  159  3.56909900184
14  161  3.50063641317
14  189  4.0
14  190  4.0
14  191  4.0
14  192  4.0
14  193  4.0
14  194  4.0
14  195  4.0
14  196  4.0
14  197  4.0
14  198  4.0
14  199  4.0
14  200  4.0
14  201  4.0
14  202  4.0
14  203  4.0
14  204  4.0
14  205  4.0
14  206  4.0
14  207  4.0
14  208  4.0
14  209  4.0
14  280  3.72241031616
14  299  7.0
14  331  3.42658917822
14  372  5.87486670114
14  389  3.46052658679
14  399  3.59268025228
14  403  5.45664909846
14  476  3.8271189562
15  19  3.60592294106
15  57  3.80207117045
15  117  4.86689858868
15  142  6.19177877615
15  147  3.77660022993
15  189  4.0
15  190  4.0
15  191  4.0
15  192  4.0
15  193  4.0
15  194  4.0
15  195  4.0
15  196  4.0
15  197  4.0
15  198  4.0
15  199  4.0
15  200  4.0
15  201  4.0
15  202  4.0
15  203  4.0
15  204  4.0
15  205  4.0
15  206  4.0
15  207  4.0
15  208  4.0
15  209  4.0
15  215  3.75077373303
15  299  7.0
15  300  3.83697776298
15  353  4.08288568495
15  375  3.4176668582
15  394  3.75619968617
15  490  3.73146988241
16  20  4.15473323017
16  28  5.59629949688
16  56  3.47863101207
16  84  3.49317076943
16  109  4.10586260445
16  154  3.72900889885
16  159  4.60661803418
16  173  3.85725696199
16  189  4.0
16  190  4.0
16  191  4.0
16  192  4.0
16  193  4.0
16  194  4.0
16  195  4.0
16  196  4.0
16  197  4.0
16  198  4.0
16  199  4.0
16  200  4.0
16  201  4.0
16  202  4.0
16  203  4.0
16  204  4.0
16  205  4.0
16  206  4.0
16  207  4.0
16  208  4.0
16  209  4.0
16  262  8.52064892211
16  275  5.02150218484
16  299  7.0
16  314  5.13768022646
16  345  4.04400202806
16  354  4.25238593447
16  357  4.11275668874
16  379  5.51853646319
16  404  4.15080215856
16  417  4.71745373201
16  430  5.41856183467
16  474  6.63629872053
17  100  3.57302946362
17  168  3.6438187475
17  181  4.52041004764
17  189  4.0
17  190  4.0
17  191  4.0
17  192  4.0
17  193  4.0
17  194  4.0
17  195  4.0
17  196  4.0
17  197  4.0
17  198  4.0
17  199  4.0
17  200  4.0
17  201  4.0
17  202  4.0
17  203  4.0
17  204  4.0
17  205  4.0
17  206  4.0
17  207  4.0
17  208  4.0
17  209  4.0
17  253  5.17840046285
17  270  3.72781313758
17  299  7.0
17  349  4.10724017705
17  364  3.81457845742
17  409  5.34401920519
17  498  3.73670288511
18  40  3.90415826509
18  75  4.29387747022
18  87  3.55922599178
18  89  4.86198087144
18  119  6.70843096388
18  171  4.71894311897
18  189  4.0
18  190  4.0
18  191  4.0
18  192  4.0
18  193  4.0
18  194  4.0
18  195  4.0
18  196  4.0
18  197  4.0
18  198  4.0
18  199  4.0
18  200  4.0
18  201  4.0
18  202  4.0
18  203  4.0
18  204  4.0
18  205  4.0
18  206  4.0
18  207  4.0
18  208  4.0
18  209  4.0
18  210  4.02625194984
18  222  4.75497994516
18  236  4.55935479779
18  246  4.59075459143
18  285  3.84641316332
18  286  5.56220457083
18  299  7.0
18  337  4.78607807122
18  352  5.55438734009
18  354  4.15410626128
18  395  5.0724945412
18  399  3.77144363469
18  421  3.84780078548
18  436  5.55207985296
18  476  4.41450783287
18  488  5.27373429824
19  12  4.70846867657
19  28  5.65960230926
19  74  3.43168858993
19  108  4.30221911174
19  114  4.15613921647
19  125  3.76489249198
19  166  4.17700413932
19  189  4.0
19  190  4.0
19  191  4.0
19  192  4.0
19  193  4.0
19  194  4.0
19  195  4.0
19  196  4.0
19  197  4.0
19  198  4.0
19  199  4.0
19  200  4.0
19  201  4.0
19  202  4.0
19  203  4.0
19  204  4.0
19  205  4.0
19  206  4.0
19  207  4.0
19  208  4.0
19  209  4.0
19  233  4.92282857746
19  258  5.33858853101
19  299  7.0
19  308  5.59989124494
19  309  4.23372181437
19  407  3.72892237906
19  410  3.50644517517
19  430  8.0
19  431  8.0
19  432  8.0
19  433  8.0
19  434  8.0
19  435  8.0
19  436  8.0
19  437  8.0
19  438  8.0
19  439  8.0
19  440  8.0
19  441  8.0
19  442  8.0
19  443  8.0
19  444  8.0
19  445  8.0
19  446  8.0
19  447  8.0
19  448  8.0
19  449  8.0
19  450  8.0
19  451  8.0
19  452  8.0
19  453  8.0
19  454  8.0
19  455  8.0
19  456  8.0
19  457  8.0
19  458  8.0
19  459  8.0
19  460  8.0
19  461  8.0
19  462  8.0
19  463  8.0
19  464  8.0
19  465  8.0
19  466  8.0
19  467  8.0
19  468  8.0
19  469  8.0
19  470  8.0
19  471  8.0
19  472  8.0
19  473  8.0
19  474  8.0
19  475  8.0
19  476  8.0
19  477  8.0
19  478  8.0
19  479  8.0
19  480  8.0
19  481  8.0
19  482  8.0
19  483  8.0
19  484  8.0
19  485  8.0
19  486  8.0
19  487  8.0
19  488  8.0
19  489  8.0
19  490  8.0
19  491  8.0
19  492  8.0
19  493  8.0
19  494  8.0
19  495  8.0
19  496  8.0
19  497  8.0
19  498  8.0
19  499  8.0
20  29  5.42094837995
20  59  3.46686030726
20  76  3.83236573136
20  77  4.8167003647
20  131  3.96263246517
20  189  4.0
20  190  4.0
20  191  4.0
20  192  4.0
20  193  4.0
20  194  4.0
20  195  4.0
20  196  4.0
20  197  4.0
20  198  4.0
20  199  4.0
20  200  4.0
20  201  4.0
20  202  4.0
20  203  4.0
20  204  4.0
20  205  4.0
20  206  4.0
20  207  4.0
20  208  4.0
20  209  4.0
20  219  3.69366789858
20  241  3.43750455197
20  291  4.97872287828
20  298  5.97599359637
20  299  7.0
20  329  4.42786658453
20  402  6.68302129164
20  424  4.40247867092
20  434  3.54160578878
20  469  3.57951176956
20  471  4.41243434884
20  478  4.07337636725
20  484  4.63225132718
21  26  3.46396157334
21  33  8.0557387324
21  58  3.47148873395
21  132  4.24638447626
21  160  3.45225927418
21  189  4.0
21  190  4.0
21  191  4.0
21  192  4.0
21  193  4.0
21  194  4.0
21  195  4.0
21  196  4.0
21  197  4.0
21  198  4.0
21  199  4.0
21  200  4.0
21  201  4.0
21  202  4.0
21  203  4.0
21  204  4.0
21  205  4.0
21  206  4.0
21  207  4.0
21  208  4.0
21  209  4.0
21  217  7.45287999866
21  249  3.62470692997
21  265  7.50902572429
21  272  3.74938542038
21  286  3.75545422198
21  289  3.98563395354
21  299  7.0
21  310  4.18702994759
21  350  4.82473201907
21  353  3.66792742804
21  440  3.54202146156
21  466  3.67738405381
21  469  4.44453541806
21  475  5.15708134238
21  497  3.40141467701
22  2  3.75853205142
22  13  4.22610975762
22  21  5.09839080288
22  26  4.97812324783
22  59  4.95568605954
22  109  6.17958822422
22  160  3.69302986682
22  188  3.53279157406
22  189  4.0
22  190  4.0
22  191  4.0
22  192  4.0
22  193  4.0
22  194  4.0
22  195  4.0
22  196  4.0
22  197  4.0
22  198  4.0
22  199  4.0
22  200  4.0
22  201  4.0
22  202  4.0
22  203  4.0
22  204  4.0
22  205  4.0
22  206  4.0
22  207  4.0
22  208  4.0
22  209  4.0
22  212  3.42638353572
22  294  3.69662506922
22  299  7.0
22  311  3.50098306898
22  316  3.56060082442
22  344  4.89951989701
22  369  4.96640228717
22  377  4.07820201379
22  379  3.51149523471
22  451  3.42306528578
22  463  5.17201233073
22  469  4.99818269942
22  474  3.43137572943
22  481  4.78834799419
23  24  4.46109684874
23  48  4.32365265489
23  50  4.28349542753
23  97  5.80115394556
23  111  4.07823361798
23  134  5.12141289461
23  158  4.62635595735
23  159  3.75800252102
23  189  4.0
23  190  4.0
23  191  4.0
23  192  4.0
23  193  4.0
23  194  4.0
23  195  4.0
23  196  4.0
23  197  4.0
23  198  4.0
23  199  4.0
23  200  4.0
23  201  4.0
23  202  4.0
23  203  4.0
23  204  4.0
23  205  4.0
23  206  4.0
23  207  4.0
23  208  4.0
23  209  4.0
23  229  4.54485101764
23  243  3.68825663589
23  264  4.27818721595
23  279  3.4309673183
23  282  5.40934066264
23  299  7.0
23  330  3.87800907846
23  342  3.57526017906
23  352  3.60296015659
23  410  4.89332403986
23  461  4.11507647285
23  464  3.68620755442
23  498  3.54567526663
24  26  4.86540704012
24  34  4.01799545373
24  88  3.74718499842
24  174  4.10074928808
24  189  4.0
24  190  4.0
24  191  4.0
24  192  4.0
24  193  4.0
24  194  4.0
24  195  4.0
24  196  4.0
24  197  4.0
24  198  4.0
24  199  4.0
24  200  4.0
24  201  4.0
24  202  4.0
24  203  4.0
24  204  4.0
24  205  4.0
24  206  4.0
24  207  4.0
24  208  4.0
24  209  4.0
24  290  4.6285474018
24  299  7.0
24  422  3.59305211458
24  434  3.87548468668
24  435  6.12235770066
24  489  3.60726163977
25  2  4.79044839453
25  3  4.5581007555
25  31  3.74620495646
25  44  3.96354594175
25  96  3.52833389538
25  97  5.19976329859
25  144  3.81637790275
25  150  3.97030443164
25  183  3.58253870489
25  189  4.0
25  190  4.0
25  191  4.0
25  192  4.0
25  193  4.0
25  194  4.0
25  195  4.0
25  196  4.0
25  197  4.0
25  198  4.0
25  199  4.0
25  200  4.0
25  201  4.0
25  202  4.0
25  203  4.0
25  204  4.0
25  205  4.0
25  206  4.0
25  207  4.0
25  208  4.0
25  209  4.0
25  269  3.99829845455
25  299  7.0
25  311  4.42394955532
25  315  3.8518241143
25  392  3.95839151626
25  480  3.91616559838
26  14  5.07405077033
26  18  4.58613402149
26  23  4.4131907911
26  31  3.55539810639
26  54  3.87910433482
26  58  3.40092629873
26  100  4.09997629807
26  135  3.96627909143
26  173  5.20637584028
26  180  5.00794598095
26  189  4.0
26  190  4.0
26  191  4.0
26  192  4.0
26  193  4.0
26  194  4.0
26  195  4.0
26  196  4.0
26  197  4.0
26  198  4.0
26  199  4.0
26  200  4.0
26  201  4.0
26  202  4.0
26  203  4.0
26  204  4.0
26  205  4.0
26  206  4.0
26  207  4.0
26  208  4.0
26  209  4.0
26  234  3.70934178451
26  287  3.43100083495
26  299  7.0
26  369  4.43184480901
26  376  6.01790674017
26  381  4.38391436817
26  400  4.22471042054
26  405  3.40208610118
26  420  4.37809470236
26  470  5.41518113976
27  47  3.44208773087
27  59  5.32891722945
27  89  3.64482054674
27  100  3.71205860887
27  108  4.00114959059
27  115  3.5297268022
27  141  3.60880968798
27  149  3.64145075742
27  189  4.0
27  190  4.0
27  191  4.0
27  192  4.0
27  193  4.0
27  194  4.0
27  195  4.0
27  196  4.0
27  197  4.0
27  198  4.0
27  199  4.0
27  200  4.0
27  201  4.0
27  202  4.0
27  203  4.0
27  204  4.0
27  205  4.0
27  206  4.0
27  207  4.0
27  208  4.0
27  209  4.0
27  226  5.02885329165
27  228  3.59779518548
27  236  3.48689065502
27  257  3.67739778456
27  264  4.20698777896
27  273  3.7376973583
27  299  7.0
27  306  3.70104918639
27  315  5.48604351631
27  349  4.6170211553
27  371  5.33835248225
27  418  3.80443067539
27  466  3.43958882357
28  68  4.13300324959
28  115  4.12511430973
28  135  3.88031752776
28  137  4.00100689605
28  188  4.31138799729
28  189  4.0
28  190  4.0
28  191  4.0
28  192  4.0
28  193  4.0
28  194  4.0
28  195  4.0
28  196  4.0
28  197  4.0
28  198  4.0
28  199  4.0
28  200  4.0
28  201  4.0
28  202  4.0
28  203  4.0
28  204  4.0
28  205  4.0
28  206  4.0
28  207  4.0
28  208  4.0
28  209  4.0
28  279  3.8642630039
28  299  7.0
28  301  4.27321079885
28  323  3.83431062966
28  325  3.77097355433
28  373  4.24761984073
28  376  3.6680450079
28  407  3.48893891277
28  410  3.74608834245
28  422  3.4143899735
28  432  4.1351902843
28  442  3.4502788273
28  452  4.37672087587
28  464  3.54027443316
28  483  3.75015067127
28  484  3.53164609271
28  496  3.79201345148
29  28  3.56927063821
29  51  3.89999381378
29  189  4.0
29  190  4.0
29  191  4.0
29  192  4.0
29  193  4.0
29  194  4.0
29  195  4.0
29  196  4.0
29  197  4.0
29  198  4.0
29  199  4.0
29  200  4.0
29  201  4.0
29  202  4.0
29  203  4.0
29  204  4.0
29  205  4.0
29  206  4.0
29  207  4.0
29  208  4.0
29  209  4.0
29  225  5.89342887207
29  290  4.21063248404
29  299  7.0
29  434  4.69567022144
29  452  3.98381920094
29  460  4.51575496247
29  491  4.05747512013
30  28  4.03311877063
30  43  3.52901382783
30  91  3.7673142963
30  100  3.91432884261
30  109  5.0403160614
30  123  3.50744018665
30  127  7.26325103712
30  186  3.6293499983
30  189  4.0
30  190  4.0
30  191  4.0
30  192  4.0
30  193  4.0
30  194  4.0
30  195  4.0
30  196  4.0
30  197  4.0
30  198  4.0
30  199  4.0
30  200  4.0
30  201  4.0
30  202  4.0
30  203  4.0
30  204  4.0
30  205  4.0
30  206  4.0
30  207  4.0
30  208  4.0
30  209  4.0
30  212  5.51740153845
30  264  3.90739910732
30  275  3.71562479574
30  299  7.0
30  317  4.30020565368
30  328  5.19351034921
30  345  3.62071803398
30  372  3.45006925142
30  399  4.04033424616
30  482  3.42428107787
30  499  6.58430408033
31  33  6.16793671233
31  53  3.43582183575
31  72  4.52719513646
31  83  4.01280764554
31  88  6.23979851209
31  92  3.41139345714
31  182  4.08179601502
31  189  4.0
31  190  4.0
31  191  4.0
31  192  4.0
31  193  4.0
31  194  4.0
31  195  4.0
31  196  4.0
31  197  4.0
31  198  4.0
31  199  4.0
31  200  4.0
31  201  4.0
31  202  4.0
31  203  4.0
31  204  4.0
31  205  4.0
31  206  4.0
31  207  4.0
31  208  4.0
31  209  4.0
31  227  4.0883493362
31  293  3.86750629979
31  299  7.0
31  339  3.75257961921
31  350  3.78385647125
31  396  3.81582663595
31  406  3.88898549841
31  444  4.61153081735
31  451  4.30561109334
31  457  3.67752095984
31  461  3.50995156652
31  494  3.43656927101
32  38  3.94824451996
32  50  3.55192699073
32  84  4.31156413623
32  106  4.57086186646
32  119  4.37242242608
32  164  3.9314914041
32  165  6.96537042515
32  189  4.0
32  190  4.0
32  191  4.0
32  192  4.0
32  193  4.0
32  194  4.0
32  195  4.0
32  196  4.0
32  197  4.0
32  198  4.0
32  199  4.0
32  200  4.0
32  201  4.0
32  202  4.0
32  203  4.0
32  204  4.0
32  205  4.0
32  206  4.0
32  207  4.0
32  208  4.0
32  209  4.0
32  210  3.42714662286
32  213  7.38847711317
32  222  3.57828313929
32  235  4.81843393748
32  252  3.4253206323
32  255  3.7849722478
32  299  7.0
32  305  4.35890522432
32  319  4.69241230665
32  366  3.85850306529
32  408  4.05912458793
32  411  7.45275246388
32  418  3.97899745645
32  435  5.57521803483
32  459  3.84633806512
32  462  4.85139458944
32  465  3.94016207177
32  489  4.36544043279
33  27  4.08008412878
33  98  4.50292570325
33  108  3.66274966861
33  112  3.50716211947
33  129  4.49377337691
33  189  4.0
33  190  4.0
33  191  4.0
33  192  4.0
33  193  4.0
33  194  4.0
33  195  4.0
33  196  4.0
33  197  4.0
33  198  4.0
33  199  4.0
33  200  4.0
33  201  4.0
33  202  4.0
33  203  4.0
33  204  4.0
33  205  4.0
33  206  4.0
33  207  4.0
33  208  4.0
33  209  4.0
33  231  5.12310659224
33  247  3.45976712731
33  299  7.0
33  301  3.64029117575
33  312  6.94242506669
33  313  3.43272668361
33  373  3.86848663158
33  407  4.00515620645
33  426  4.0869320695
33  443  4.75807524342
33  461  3.96227139189
33  467  3.49651859614
33  498  4.35916353926
34  76  4.29402366595
34  117  3.69144585854
34  168  3.89746125874
34  178  4.88436130431
34  189  4.0
34  190  4.0
34  191  4.0
34  192  4.0
34  193  4.0
34  194  4.0
34  195  4.0
34  196  4.0
34  197  4.0
34  198  4.0
34  199  4.0
34  200  4.0
34  201  4.0
34  202  4.0
34  203  4.0
34  204  4.0
34  205  4.0
34  206  4.0
34  207  4.0
34  208  4.0
34  209  4.0
34  244  3.80276306638
34  299  7.0
34  307  3.43313044834
34  382  4.41870467187
34  420  6.87114617733
34  427  3.86949891674
34  480  4.35951465501
34  493  5.16877263663
35  117  4.51596062012
35  121  4.74451118217
35  126  4.79974803655
35  140  5.72977314235
35  166  5.96696380902
35  188  3.64364121153
35  189  4.0
35  190  4.0
35  191  4.0
35  192  4.0
35  193  4.0
35  194  4.0
35  195  4.0
35  196  4.0
35  197  4.0
35  198  4.0
35  199  4.0
35  200  4.0
35  201  4.0
35  202  4.0
35  203  4.0
35  204  4.0
35  205  4.0
35  206  4.0
35  207  4.0
35  208  4.0
35  209  4.0
35  221  3.52892332385
35  236  3.98590357097
35  259  4.37077047736
35  290  5.29381464155
35  299  7.0
35  329  4.15793364914
35  356  5.59364604498
35  393  7.6398878485
35  461  5.19046414805
35  473  3.69584816832
36  40  3.95448421837
36  47  4.22146716693
36  56  3.45870660171
36  58  3.88846703541
36  81  3.53059640615
36  185  3.95602784448
36  189  4.0
36  190  4.0
36  191  4.0
36  192  4.0
36  193  4.0
36  194  4.0
36  195  4.0
36  196  4.0
36  197  4.0
36  198  4.0
36  199  4.0
36  200  4.0
36  201  4.0
36  202  4.0
36  203  4.0
36  204  4.0
36  205  4.0
36  206  4.0
36  207  4.0
36  208  4.0
36  209  4.0
36  299  7.0
36  327  4.26619232152
36  375  4.66372033611
36  445  5.37467943994
36  447  4.83102263595
37  62  4.53357043407
37  73  3.7742270554
37  74  4.47611898843
37  78  3.57672910838
37  91  3.90871515671
37  103  5.327625839
37  139  3.84372629642
37  144  4.14207427811
37  155  4.19822202046
37  189  4.0
37  190  4.0
37  191  4.0
37  192  4.0
37  193  4.0
37  194  4.0
37  195  4.0
37  196  4.0
37  197  4.0
37  198  4.0
37  199  4.0
37  200  4.0
37  201  4.0
37  202  4.0
37  203  4.0
37  204  4.0
37  205  4.0
37  206  4.0
37  207  4.0
37  208  4.0
37  209  4.0
37  210  3.43655396065
37  236  3.5585952598
37  262  3.73808670587
37  272  4.34833791158
37  293  5.6893414
37  294  4.07306600171
37  299  7.0
37  335  3.55943930056
37  349  4.74909961379
37  380  4.38676738988
37  453  4.87467067861
37  470  3.51306665603
38  7  3.45771531158
38  18  7.64266435386
38  110  3.72238684185
38  115  3.81550640343
38  133  3.57703128987
38  160  3.80962818305
38  166  3.53658763542
38  170  5.40182494291
38  180  5.19106992481
38  189  4.0
38  190  4.0
38  191  4.0
38  192  4.0
38  193  4.0
38  194  4.0
38  195  4.0
38  196  4.0
38  197  4.0
38  198  4.0
38  199  4.0
38  200  4.0
38  201  4.0
38  202  4.0
38  203  4.0
38  204  4.0
38  205  4.0
38  206  4.0
38  207  4.0
38  208  4.0
38  209  4.0
38  215  3.45795367063
38  278  4.38860159306
38  289  3.75671532302
38  290  5.55492356354
38  299  7.0
38  379  4.17982861689
38  394  4.04824936897
38  396  3.85669390444
38  407  3.60564508533
38  437  4.52605608179
38  482  4.59545247125
38  484  4.29682948724
39  65  5.51784725025
39  77  4.47035250802
39  144  3.72707121567
39  149  6.78997826701
39  164  3.58891693091
39  178  4.36209852135
39  189  4.0
39  190  4.0
39  191  4.0
39  192  4.0
39  193  4.0
39  194  4.0
39  195  4.0
39  196  4.0
39  197  4.0
39  198  4.0
39  199  4.0
39  200  4.0
39  201  4.0
39  202  4.0
39  203  4.0
39  204  4.0
39  205  4.0
39  206  4.0
39  207  4.0
39  208  4.0
39  209  4.0
39  217  3.53012547686
39  225  3.92006779639
39  275  4.33560631662
39  299  7.0
39  313  5.95335460789
39  325  3.47039898046
39  338  6.894908952
39  346  4.40665893521
39  374  3.53189279274
39  407  4.09439004662
39  446  3.9563425836
39  451  4.23440757938
40  36  5.15365424977
40  46  4.89570977065
40  87  4.17172520382
40  92  3.8001280662
40  187  4.72062880153
40  189  4.0
40  190  4.0
40  191  4.0
40  192  4.0
40  193  4.0
40  194  4.0
40  195  4.0
40  196  4.0
40  197  4.0
40  198  4.0
40  199  4.0
40  200  4.0
40  201  4.0
40  202  4.0
40  203  4.0
40  204  4.0
40  205  4.0
40  206  4.0
40  207  4.0
40  208  4.0
40  209  4.0
40  221  3.41013689956
40  227  3.6073399281
40  231  4.98256522527
40  290  4.15557749049
40  299  7.0
40  316  3.94710471746
40  324  3.58407971391
40  354  3.6913598848
40  371  3.91084731056
40  417  3.42701908564
40  450  4.5151366686
40  466  4.1760278656
40  481  4.38691724949
40  496  4.5227842699
41  2  4.31444440585
41  8  3.91776909004
41  21  3.50806757358
41  26  6.55853383315
41  35  5.71858104121
41  96  4.29385126499
41  189  4.0
41  190  4.0
41  191  4.0
41  192  4.0
41  193  4.0
41  194  4.0
41  195  4.0
41  196  4.0
41  197  4.0
41  198  4.0
41  199  4.0
41  200  4.0
41  201  4.0
41  202  4.0
41  203  4.0
41  204  4.0
41  205  4.0
41  206  4.0
41  207  4.0
41  208  4.0
41  209  4.0
41  299  7.0
41  358  3.41518279847
41  381  6.34775597232
41  436  3.78173063023
42  71  4.77996391281
42  91  4.017967822
42  108  4.08528552713
42  111  3.72750513383
42  179  3.53983609418
42  189  4.0
42  190  4.0
42  191  4.0
42  192  4.0
42  193  4.0
42  194  4.0
42  195  4.0
42  196  4.0
42  197  4.0
42  198  4.0
42  199  4.0
42  200  4.0
42  201  4.0
42  202  4.0
42  203  4.0
42  204  4.0
42  205  4.0
42  206  4.0
42  207  4.0
42  208  4.0
42  209  4.0
42  231  3.42635019651
42  261  5.83759154699
42  265  5.12283526227
42  267  4.96492449388
42  282  4.43641037969
42  299  7.0
42  364  4.21967566038
42  374  3.9866062977
42  393  4.88115203449
42  456  3.98020208666
42  471  4.17581256205
42  482  3.52554923522
42  484  4.75243829468
42  490  3.75557883624
42  492  3.41227218929
43  19  3.4866408755
43  38  4.12271133176
43  54  5.1197754188
43  105  7.84675391671
43  106  5.40320705276
43  124  4.16419618725
43  128  3.5604300118
43  133  8.97889990534
43  172  3.88726145132
43  189  4.0
43  190  4.0
43  191  4.0
43  192  4.0
43  193  4.0
43  194  4.0
43  195  4.0
43  196  4.0
43  197  4.0
43  198  4.0
43  199  4.0
43  200  4.0
43  201  4.0
43  202  4.0
43  203  4.0
43  204  4.0
43  205  4.0
43  206  4.0
43  207  4.0
43  208  4.0
43  209  4.0
43  229  3.55710285829
43  276  4.00034132297
43  299  7.0
43  302  4.08351990749
43  307  4.21587520634
43  316  3.97265489399
43  339  4.54512481191
43  356  3.62373867405
43  389  5.14431695092
43  398  3.62311176989
43  437  6.66521052998
43  490  3.47290265802
43  498  5.72908055483
44  11  4.98688534095
44  48  4.12732135532
44  50  5.22508537497
44  73  3.66037990442
44  94  3.54688651348
44  172  3.72960791703
44  182  5.7107049079
44  189  4.0
44  190  4.0
44  191  4.0
44  192  4.0
44  193  4.0
44  194  4.0
44  195  4.0
44  196  4.0
44  197  4.0
44  198  4.0
44  199  4.0
44  200  4.0
44  201  4.0
44  202  4.0
44  203  4.0
44  204  4.0
44  205  4.0
44  206  4.0
44  207  4.0
44  208  4.0
44  209  4.0
44  277  4.0302991987
44  279  4.69948219925
44  292  4.2155933547
44  299  7.0
44  338  5.52732151427
44  435  3.48575473276
45  38  5.14396873309
45  58  5.1503656197
45  140  5.72368400191
45  176  3.86235779059
45  182  4.91611868639
45  189  4.0
45  190  4.0
45  191  4.0
45  192  4.0
45  193  4.0
45  194  4.0
45  195  4.0
45  196  4.0
45  197  4.0
45  198  4.0
45  199  4.0
45  200  4.0
45  201  4.0
45  202  4.0
45  203  4.0
45  204  4.0
45  205  4.0
45  206  4.0
45  207  4.0
45  208  4.0
45  209  4.0
45  219  4.01665222463
45  263  6.00512453314
45  271  4.10347365679
45  291  4.53535487091
45  299  7.0
45  336  6.09239716602
45  343  3.73239110523
45  364  4.33085971838
45  381  8.84959565141
45  401  4.74741417705
45  480  4.1126423326
46  9  5.01931485525
46  54  4.96525085485
46  58  5.53241545632
46  72  3.90745547264
46  104  3.74197614932
46  157  5.63773704259
46  163  3.80564642771
46  177  5.44871707268
46  181  4.377414284
46  189  4.0
46  190  4.0
46  191  4.0
46  192  4.0
46  193  4.0
46  194  4.0
46  195  4.0
46  196  4.0
46  197  4.0
46  198  4.0
46  199  4.0
46  200  4.0
46  201  4.0
46  202  4.0
46  203  4.0
46  204  4.0
46  205  4.0
46  206  4.0
46  207  4.0
46  208  4.0
46  209  4.0
46  217  3.75270803257
46  236  4.49472658934
46  250  4.54155187007
46  265  3.45481972178
46  273  4.16786785747
46  299  7.0
46  305  3.8879385669
46  339  3.9522158388
46  350  6.01754988547
46  366  4.09294535953
46  369  4.70103372282
46  388  4.16240162258
46  393  3.48644081694
46  398  3.96900592722
46  403  3.82054717532
46  421  3.59433020339
46  439  3.55205803695
46  440  3.85326641972
47  18  5.18877457073
47  99  5.38934629476
47  128  5.09127902623
47  159  3.50016413821
47  169  3.68066781466
47  189  4.0
47  190  4.0
47  191  4.0
47  192  4.0
47  193  4.0
47  194  4.0
47  195  4.0
47  196  4.0
47  197  4.0
47  198  4.0
47  199  4.0
47  200  4.0
47  201  4.0
47  202  4.0
47  203  4.0
47  204  4.0
47  205  4.0
47  206  4.0
47  207  4.0
47  208  4.0
47  209  4.0
47  215  5.53278664896
47  240  5.15570080684
47  253  3.8433999428
47  294  6.42684410032
47  299  7.0
47  332  5.69627578581
47  360  3.50902512051
47  370  5.84479421931
47  427  3.9648361516
47  488  5.04416126299
48  18  4.01543918925
48  58  3.91246339133
48  70  4.43935477452
48  71  3.86441611476
48  83  4.32520327982
48  102  4.84929067036
48  106  5.48273716992
48  116  3.55909444954
48  117  3.6372863691
48  128  3.6254490357
48  188  3.77784950099
48  189  4.0
48  190  4.0
48  191  4.0
48  192  4.0
48  193  4.0
48  194  4.0
48  195  4.0
48  196  4.0
48  197  4.0
48  198  4.0
48  199  4.0
48  200  4.0
48  201  4.0
48  202  4.0
48  203  4.0
48  204  4.0
48  205  4.0
48  206  4.0
48  207  4.0
48  208  4.0
48  209  4.0
48  229  4.36527944944
48  299  7.0
48  333  4.63966818666
48  341  4.6149997896
48  346  3.60171440945
48  356  8.13441710308
48  369  3.53060276771
48  425  4.53789929918
49  5  4.33902772941
49  21  4.62067190344
49  24  5.16742130151
49  34  4.34691271421
49  84  5.17162152985
49  98  3.66928684209
49  160  4.89147972663
49  164  4.13544535406
49  177  3.49845272922
49  189  4.0
49  190  4.0
49  191  4.0
49  192  4.0
49  193  4.0
49  194  4.0
49  195  4.0
49  196  4.0
49  197  4.0
49  198  4.0
49  199  4.0
49  200  4.0
49  201  4.0
49  202  4.0
49  203  4.0
49  204  4.0
49  205  4.0
49  206  4.0
49  207  4.0
49  208  4.0
49  209  4.0
49  240  7.38795328812
49  250  3.71049521802
49  262  3.90605629705
49  299  7.0
49  327  3.91031959921
49  351  5.43560514808
49  365  3.84706310678
49  368  4.77508566345
49  435  6.42370630232
49  450  5.38501444796
49  458  3.52637274018
49  459  7.083989628
49  481  3.50104453364
49  487  5.07526303172
50  25  5.36245981382
50  48  3.80650325301
50  56  4.87517124964
50  101  4.19454081454
50  168  4.74921895361
50  181  4.40461448133
50  189  4.0
50  190  4.0
50  191  4.0
50  192  4.0
50  193  4.0
50  194  4.0
50  195  4.0
50  196  4.0
50  197  4.0
50  198  4.0
50  199  4.0
50  200  4.0
50  201  4.0
50  202  4.0
50  203  4.0
50  204  4.0
50  205  4.0
50  206  4.0
50  207  4.0
50  208  4.0
50  209  4.0
50  280  4.68019548445
50  289  4.75323831772
50  299  7.0
50  312  3.46163767778
50  349  5.09943067283
50  367  5.18471693076
50  379  4.35509703885
50  385  3.78894457426
50  388  4.17334579825
50  400  6.89136379736
50  406  3.57168325107
50  429  3.62863610283
50  433  4.76086610995
50  455  3.53523985239
51  50  4.14140810095
51  53  4.05342631634
51  58  4.08967607527
51  82  3.91761746411
51  130  4.55317704437
51  134  3.52673838122
51  189  4.0
51  190  4.0
51  191  4.0
51  192  4.0
51  193  4.0
51  194  4.0
51  195  4.0
51  196  4.0
51  197  4.0
51  198  4.0
51  199  4.0
51  200  4.0
51  201  4.0
51  202  4.0
51  203  4.0
51  204  4.0
51  205  4.0
51  206  4.0
51  207  4.0
51  208  4.0
51  209  4.0
51  275  3.81091441551
51  299  7.0
51  409  3.71647083098
51  446  4.69605672321
51  453  3.54852555172
52  3  3.64141003235
52  20  3.82775490689
52  47  3.92141308627
52  49  4.28520621695
52  68  3.48045734013
52  146  3.41977905468
52  155  3.45056999402
52  156  4.1118379614
52  164  4.749260413
52  169  3.63549805036
52  189  4.0
52  190  4.0
52  191  4.0
52  192  4.0
52  193  4.0
52  194  4.0
52  195  4.0
52  196  4.0
52  197  4.0
52  198  4.0
52  199  4.0
52  200  4.0
52  201  4.0
52  202  4.0
52  203  4.0
52  204  4.0
52  205  4.0
52  206  4.0
52  207  4.0
52  208  4.0
52  209  4.0
52  227  4.21482190135
52  242  4.35470050577
52  294  3.7455317539
52  299  7.0
52  351  6.5284825218
52  360  4.6385962561
52  394  5.04993734948
52  415  5.12841089946
52  435  4.20369733929
52  465  4.12516353757
52  493  6.82036594465
52  496  4.54717146476
53  0  4.34029543305
53  40  4.57744701162
53  61  4.36710443981
53  67  5.49914821013
53  86  5.43736851667
53  106  3.6377400332
53  158  3.4296669768
53  170  3.43664210514
53  181  8.24164926179
53  189  4.0
53  190  4.0
53  191  4.0
53  192  4.0
53  193  4.0
53  194  4.0
53  195  4.0
53  196  4.0
53  197  4.0
53  198  4.0
53  199  4.0
53  200  4.0
53  201  4.0
53  202  4.0
53  203  4.0
53  204  4.0
53  205  4.0
53  206  4.0
53  207  4.0
53  208  4.0
53  209  4.0
53  271  6.28829285183
53  293  5.03835195723
53  299  7.0
53  341  4.12410603984
53  351  4.19001263004
53  372  3.60734193594
53  410  4.34388872532
53  418  7.1279985343
53  472  3.79135102621
53  477  3.69469009235
53  481  3.89603235212
54  37  3.73712235244
54  65  3.5277753424
54  88  7.08149931365
54  111  5.10158939142
54  189  4.0
54  190  4.0
54  191  4.0
54  192  4.0
54  193  4.0
54  194  4.0
54  195  4.0
54  196  4.0
54  197  4.0
54  198  4.0
54  199  4.0
54  200  4.0
54  201  4.0
54  202  4.0
54  203  4.0
54  204  4.0
54  205  4.0
54  206  4.0
54  207  4.0
54  208  4.0
54  209  4.0
54  255  3.58036967327
54  273  3.77484610121
54  277  3.50501349887
54  292  4.26422001593
54  299  7.0
54  370  4.28990663819
54  407  3.60442627215
54  432  4.69637387659
54  461  3.88922519098
54  470  6.33775887929
54  478  4.62219664121
55  10  4.99302711096
55  26  5.01549249633
55  32  4.15924509509
55  38  3.76926773418
55  55  4.30872897978
55  103  3.77173373349
55  115  4.38819834544
55  123  3.51314619551
55  124  4.29082538485
55  159  4.10412182704
55  178  3.78319553347
55  184  4.59037042304
55  189  4.0
55  190  4.0
55  191  4.0
55  192  4.0
55  193  4.0
55  194  4.0
55  195  4.0
55  196  4.0
55  197  4.0
55  198  4.0
55  199  4.0
55  200  4.0
55  201  4.0
55  202  4.0
55  203  4.0
55  204  4.0
55  205  4.0
55  206  4.0
55  207  4.0
55  208  4.0
55  209  4.0
55  220  3.77844685739
55  239  4.83500426261
55  250  3.97371616844
55  275  4.78972540837
55  294  5.4948284392
55  299  7.0
55  374  3.86886985845
55  419  5.74989109836
55  436  3.84625440155
55  444  5.6309127204
55  447  4.84909477246
56  5  5.38707504775
56  41  4.32890918816
56  72  3.81800336595
56  98  3.65660064044
56  107  4.47662343812
56  108  4.01720390056
56  141  3.88774451861
56  153  3.62844856199
56  158  3.87322463225
56  166  5.12945339362
56  189  4.0
56  190  4.0
56  191  4.0
56  192  4.0
56  193  4.0
56  194  4.0
56  195  4.0
56  196  4.0
56  197  4.0
56  198  4.0
56  199  4.0
56  200  4.0
56  201  4.0
56  202  4.0
56  203  4.0
56  204  4.0
56  205  4.0
56  206  4.0
56  207  4.0
56  208  4.0
56  209  4.0
56  240  5.74991382354
56  242  3.59492647036
56  299  7.0
56  301  5.39553281879
56  316  4.42160293691
56  366  3.53143881027
56  368  3.98202161945
56  374  3.60929848852
56  389  4.01592511648
56  396  4.69813440388
56  437  3.43189354966
56  452  4.07341067853
57  17  5.16111318722
57  26  3.97415972409
57  73  4.97364357045
57  98  3.81993548083
57  111  4.7059392754
57  153  6.6409477185
57  162  3.40063971295
57  170  4.01662936209
57  175  3.4046664976
57  189  4.0
57  190  4.0
57  191  4.0
57  192  4.0
57  193  4.0
57  194  4.0
57  195  4.0
57  196  4.0
57  197  4.0
57  198  4.0
57  199  4.0
57  200  4.0
57  201  4.0
57  202  4.0
57  203  4.0
57  204  4.0
57  205  4.0
57  206  4.0
57  207  4.0
57  208  4.0
57  209  4.0
57  216  4.1622888355
57  252  4.17260153017
57  299  7.0
57  401  4.01737298958
57  404  3.83886491203
57  417  4.06992588381
57  446  4.03635327604
57  499  5.4480568993
58  19  4.1361616836
58  67  3.77234684729
58  88  3.48839996744
58  96  4.6020648377
58  117  4.30607667236
58  119  5.7689132216
58  137  3.7205479885
58  164  4.19143570747
58  189  4.0
58  190  4.0
58  191  4.0
58  192  4.0
58  193  4.0
58  194  4.0
58  195  4.0
58  196  4.0
58  197  4.0
58  198  4.0
58  199  4.0
58  200  4.0
58  201  4.0
58  202  4.0
58  203  4.0
58  204  4.0
58  205  4.0
58  206  4.0
58  207  4.0
58  208  4.0
58  209  4.0
58  241  3.40564238755
58  251  4.93199536712
58  252  3.98470326335
58  279  4.52497204649
58  299  7.0
58  367  5.04830766183
58  383  6.69315165115
58  412  4.46955532445
58  434  3.9885387604
58  452  4.1636137731
58  467  4.43584820648
59  1  4.72033483217
59  2  3.83240740093
59  16  4.72764084041
59  60  3.71304725941
59  101  4.72532551485
59  109  4.14110983504
59  110  3.57945867118
59  124  3.60295387791
59  126  5.8275285475
59  136  4.39740650868
59  189  4.0
59  190  4.0
59  191  4.0
59  192  4.0
59  193  4.0
59  194  4.0
59  195  4.0
59  196  4.0
59  197  4.0
59  198  4.0
59  199  4.0
59  200  4.0
59  201  4.0
59  202  4.0
59  203  4.0
59  204  4.0
59  205  4.0
59  206  4.0
59  207  4.0
59  208  4.0
59  209  4.0
59  234  4.24175617453
59  274  5.58360035427
59  299  7.0
59  301  3.72303110007
59  315  4.1799657984
59  335  3.53440042083
59  342  3.68948578726
59  362  3.79255922996
59  375  4.99445115018
59  401  3.58993801641
59  427  4.94622514697
59  428  3.95942216064
60  14  3.74695629335
60  46  6.49132990136
60  51  4.69972215025
60  55  5.7397436172
60  86  10.3082360514
60  91  3.58824905172
60  158  4.23192702785
60  189  4.0
60  190  4.0
60  191  4.0
60  192  4.0
60  193  4.0
60  194  4.0
60  195  4.0
60  196  4.0
60  197  4.0
60  198  4.0
60  199  4.0
60  200  4.0
60  201  4.0
60  202  4.0
60  203  4.0
60  204  4.0
60  205  4.0
60  206  4.0
60  207  4.0
60  208  4.0
60  209  4.0
60  219  5.18985789481
60  222  3.70885277954
60  294  4.57835386929
60  299  7.0
60  322  3.82556826026
60  387  6.32389496995
60  436  4.5067019159
60  439  4.76486407529
60  448  4.4112738722
61  26  5.40422473845
61  86  4.05505828497
61  119  3.49076391544
61  189  4.0
61  190  4.0
61  191  4.0
61  192  4.0
61  193  4.0
61  194  4.0
61  195  4.0
61  196  4.0
61  197  4.0
61  198  4.0
61  199  4.0
61  200  4.0
61  201  4.0
61  202  4.0
61  203  4.0
61  204  4.0
61  205  4.0
61  206  4.0
61  207  4.0
61  208  4.0
61  209  4.0
61  217  6.49263596857
61  299  7.0
61  300  3.90009213312
61  307  3.5582801473
61  323  3.5490496963
61  362  5.00239591267
61  373  3.62752331785
61  484  4.03798137646
62  2  4.5050253319
62  73  4.50230203378
62  129  3.7834478971
62  166  3.52413491483
62  189  4.0
62  190  4.0
62  191  4.0
62  192  4.0
62  193  4.0
62  194  4.0
62  195  4.0
62  196  4.0
62  197  4.0
62  198  4.0
62  199  4.0
62  200  4.0
62  201  4.0
62  202  4.0
62  203  4.0
62  204  4.0
62  205  4.0
62  206  4.0
62  207  4.0
62  208  4.0
62  209  4.0
62  277  4.27407908308
62  299  7.0
62  311  4.10758964978
62  315  4.26263694532
62  333  4.17676651339
62  374  4.1704410535
62  387  3.60484374332
62  421  3.77883733017
62  452  3.42994707017
63  21  5.13006264115
63  73  3.43791305803
63  155  5.97275160421
63  161  3.63760814904
63  189  4.0
63  190  4.0
63  191  4.0
63  192  4.0
63  193  4.0
63  194  4.0
63  195  4.0
63  196  4.0
63  197  4.0
63  198  4.0
63  199  4.0
63  200  4.0
63  201  4.0
63  202  4.0
63  203  4.0
63  204  4.0
63  205  4.0
63  206  4.0
63  207  4.0
63  208  4.0
63  209  4.0
63  250  7.54830963542
63  251  3.97875439767
63  275  4.2835722004
63  279  4.98502235109
63  299  7.0
63  338  5.52489296731
63  381  3.70424901267
63  432  4.63725258159
63  474  3.69440440818
64  18  4.58951515211
64  27  3.54400965788
64  43  3.70255165677
64  102  4.04001366279
64  123  5.78737579425
64  155  4.58470959636
64  188  3.54678787221
64  189  4.0
64  190  4.0
64  191  4.0
64  192  4.0
64  193  4.0
64  194  4.0
64  195  4.0
64  196  4.0
64  197  4.0
64  198  4.0
64  199  4.0
64  200  4.0
64  201  4.0
64  202  4.0
64  203  4.0
64  204  4.0
64  205  4.0
64  206  4.0
64  207  4.0
64  208  4.0
64  209  4.0
64  218  4.36706267131
64  242  6.29357560911
64  272  3.75090109066
64  282  3.56293154314
64  288  4.86976014258
64  299  7.0
64  319  3.54822132789
64  337  5.03342252687
64  368  3.65191025267
64  380  3.89468409399
64  382  4.71497952541
64  407  4.87746617526
64  423  3.91223002214
64  487  4.28960171569
65  6  9.46739121672
65  9  5.77800101006
65  45  4.63701964907
65  76  4.44428713313
65  144  3.62162009301
65  161  4.38312772255
65  186  5.91513377848
65  189  4.0
65  190  4.0
65  191  4.0
65  192  4.0
65  193  4.0
65  194  4.0
65  195  4.0
65  196  4.0
65  197  4.0
65  198  4.0
65  199  4.0
65  200  4.0
65  201  4.0
65  202  4.0
65  203  4.0
65  204  4.0
65  205  4.0
65  206  4.0
65  207  4.0
65  208  4.0
65  209  4.0
65  242  3.86078839579
65  260  3.56531682821
65  285  3.7278324259
65  286  3.50899505395
65  287  3.76830432115
65  296  3.58931910491
65  299  7.0
65  323  3.45727863797
65  327  3.88681462828
65  371  4.34759376953
65  373  3.9983473248
65  415  3.48371943313
65  448  5.2776993653
65  454  4.44305685695
65  466  3.63188336399
66  4  4.23418893132
66  34  3.44096150554
66  38  3.73285744251
66  44  3.85105790006
66  61  4.05573934777
66  92  3.43618697376
66  93  3.43814823065
66  131  4.67543576483
66  132  4.38441694236
66  148  5.43756927363
66  189  4.0
66  190  4.0
66  191  4.0
66  192  4.0
66  193  4.0
66  194  4.0
66  195  4.0
66  196  4.0
66  197  4.0
66  198  4.0
66  199  4.0
66  200  4.0
66  201  4.0
66  202  4.0
66  203  4.0
66  204  4.0
66  205  4.0
66  206  4.0
66  207  4.0
66  208  4.0
66  209  4.0
66  264  3.50670118258
66  284  6.16784720427
66  299  7.0
66  364  3.68752428413
66  396  4.12982400653
66  410  5.41545804586
66  416  4.76059431082
66  437  5.4909059842
66  440  4.47256667544
66  465  3.40095146986
66  488  4.8955165306
67  83  3.85127999111
67  122  4.52318856086
67  155  4.82805165149
67  183  3.42515756277
67  189  4.0
67  190  4.0
67  191  4.0
67  192  4.0
67  193  4.0
67  194  4.0
67  195  4.0
67  196  4.0
67  197  4.0
67  198  4.0
67  199  4.0
67  200  4.0
67  201  4.0
67  202  4.0
67  203  4.0
67  204  4.0
67  205  4.0
67  206  4.0
67  207  4.0
67  208  4.0
67  209  4.0
67  218  6.14690303033
67  223  6.82872413663
67  232  4.30032404841
67  249  4.15614528032
67  291  3.51684413482
67  299  7.0
67  301  3.7981011057
67  328  5.01361921187
67  361  4.56932623801
67  366  5.03895461247
67  379  4.81670947562
67  382  3.68248170373
67  438  5.64121760888
67  451  3.7218559134
67  454  6.14323334751
67  455  4.46408107554
68  10  3.95990608376
68  41  3.54352517012
68  86  4.56129891032
68  157  3.99798272578
68  189  4.0
68  190  4.0
68  191  4.0
68  192  4.0
68  193  4.0
68  194  4.0
68  195  4.0
68  196  4.0
68  197  4.0
68  198  4.0
68  199  4.0
68  200  4.0
68  201  4.0
68  202  4.0
68  203  4.0
68  204  4.0
68  205  4.0
68  206  4.0
68  207  4.0
68  208  4.0
68  209  4.0
68  262  4.21744188538
68  299  7.0
68  309  5.46515160657
68  328  3.58079922216
68  335  4.03810667287
68  347  5.69455430022
68  369  5.22340276123
68  410  4.91680282594
68  440  8.41632793512
68  458  3.52875143554
68  460  3.90154869323
68  467  3.76131988794
69  9  3.72424047722
69  14  5.35101731259
69  43  3.7793017849
69  58  3.60271766493
69  70  3.49807396802
69  79  4.10644309741
69  140  4.56607044285
69  160  3.60344902813
69  167  3.81761198475
69  168  3.87538612226
69  175  3.65944897115
69  189  4.0
69  190  4.0
69  191  4.0
69  192  4.0
69  193  4.0
69  194  4.0
69  195  4.0
69  196  4.0
69  197  4.0
69  198  4.0
69  199  4.0
69  200  4.0
69  201  4.0
69  202  4.0
69  203  4.0
69  204  4.0
69  205  4.0
69  206  4.0
69  207  4.0
69  208  4.0
69  209  4.0
69  224  5.52652479894
69  227  4.80754274855
69  271  3.46296410002
69  273  3.46561490926
69  280  3.89700444415
69  299  7.0
69  311  3.622466615
69  337  4.29715279745
69  350  3.46077655676
69  381  3.83608388533
69  389  3.70186801356
69  433  3.87301132444
69  483  5.59417543914
69  495  4.63112532648
70  6  3.47068201357
70  29  5.0
70  50  6.77732731046
70  77  4.75296300225
70  82  5.74229487211
70  189  4.0
70  190  4.0
70  191  4.0
70  192  4.0
70  193  4.0
70  194  4.0
70  195  4.0
70  196  4.0
70  197  4.0
70  198  4.0
70  199  4.0
70  200  4.0
70  201  4.0
70  202  4.0
70  203  4.0
70  204  4.0
70  205  4.0
70  206  4.0
70  207  4.0
70  208  4.0
70  209  4.0
70  223  3.68832141291
70  261  3.5006692176
70  268  5.17177729851
70  292  7.56513237487
70  314  6.65051752298
70  354  4.43083949577
70  355  6.71497336839
70  374  3.59127840266
70  376  3.52727953178
70  392  3.48123501234
70  431  4.26756304013
70  452  4.82916292347
70  481  5.12569265472
71  29  5.0
71  40  3.71766164338
71  47  3.47766979043
71  127  3.61540487719
71  128  3.69009496545
71  135  5.9152983414
71  151  4.32890883707
71  158  3.59420437411
71  189  4.0
71  190  4.0
71  191  4.0
71  192  4.0
71  193  4.0
71  194  4.0
71  195  4.0
71  196  4.0
71  197  4.0
71  198  4.0
71  199  4.0
71  200  4.0
71  201  4.0
71  202  4.0
71  203  4.0
71  204  4.0
71  205  4.0
71  206  4.0
71  207  4.0
71  208  4.0
71  209  4.0
71  244  4.17300924909
71  259  3.43873467764
71  338  3.4526524822
71  343  3.4486256153
71  360  4.15280418142
71  380  5.86536852287
71  392  4.42378759011
71  396  4.04811370738
71  435  5.54666169318
71  437  4.51362690073
72  22  5.9696610319
72  29  5.0
72  153  4.57207119929
72  174  6.79791122996
72  181  4.15115462446
72  189  4.0
72  190  4.0
72  191  4.0
72  192  4.0
72  193  4.0
72  194  4.0
72  195  4.0
72  196  4.0
72  197  4.0
72  198  4.0
72  199  4.0
72  200  4.0
72  201  4.0
72  202  4.0
72  203  4.0
72  204  4.0
72  205  4.0
72  206  4.0
72  207  4.0
72  208  4.0
72  209  4.0
72  301  3.45679789342
72  340  4.59804949084
72  403  4.87912356462
72  439  4.87786462099
73  16  4.14791051795
73  23  3.95881504832
73  29  5.0
73  32  5.19845674783
73  44  3.82631722092
73  46  3.69980760428
73  95  3.77391506839
73  104  3.51182501549
73  127  3.62938527757
73  151  3.49250890092
73  164  3.43333594772
73  189  4.0
73  190  4.0
73  191  4.0
73  192  4.0
73  193  4.0
73  194  4.0
73  195  4.0
73  196  4.0
73  197  4.0
73  198  4.0
73  199  4.0
73  200  4.0
73  201  4.0
73  202  4.0
73  203  4.0
73  204  4.0
73  205  4.0
73  206  4.0
73  207  4.0
73  208  4.0
73  209  4.0
73  227  5.38694260211
73  231  4.74024692788
73  253  3.96876764309
73  270  3.60939623922
73  312  4.1923810608
73  318  4.50461910646
73  386  8.17395000616
73  389  3.75532155768
73  396  4.34370291887
73  412  4.19308692996
73  442  4.46269786912
73  487  4.23708348827
74  3  3.59090954209
74  29  5.0
74  46  4.16185170589
74  86  3.55258059044
74  126  3.72302569371
74  130  4.3378186365
74  153  3.59940134533
74  161  4.85499078446
74  186  4.74531019827
74  189  4.0
74  190  4.0
74  191  4.0
74  192  4.0
74  193  4.0
74  194  4.0
74  195  4.0
74  196  4.0
74  197  4.0
74  198  4.0
74  199  4.0
74  200  4.0
74  201  4.0
74  202  4.0
74  203  4.0
74  204  4.0
74  205  4.0
74  206  4.0
74  207  4.0
74  208  4.0
74  209  4.0
74  234  3.91964651367
74  260  5.50784326504
74  286  3.71548811046
74  292  5.96763103941
74  354  4.40551056133
74  355  4.1888199214
74  362  4.25934573195
74  392  3.4017586908
74  406  4.41050796019
74  431  3.71687763205
74  466  4.19851944773
74  487  3.85957928144
75  0  4.34029543305
75  29  5.0
75  53  3.97174255429
75  63  3.40096651856
75  70  3.66423657593
75  84  3.93029256982
75  106  4.93546137039
75  116  3.64547932487
75  189  4.0
75  190  4.0
75  191  4.0
75  192  4.0
75  193  4.0
75  194  4.0
75  195  4.0
75  196  4.0
75  197  4.0
75  198  4.0
75  199  4.0
75  200  4.0
75  201  4.0
75  202  4.0
75  203  4.0
75  204  4.0
75  205  4.0
75  206  4.0
75  207  4.0
75  208  4.0
75  209  4.0
75  231  4.38088354424
75  236  6.43750770522
75  253  4.05517723873
75  281  4.48782290945
75  306  4.09328361807
75  322  3.43774589018
75  327  3.70361823108
75  362  4.38576809644
75  385  4.43716642477
75  421  5.09320262367
75  447  3.4714219769
75  456  3.57008839674
75  475  5.09421447549
75  488  10.7517628301
76  29  5.0
76  46  6.14089774624
76  61  3.60300471914
76  116  3.91323529167
76  132  3.65587576526
76  189  4.0
76  190  4.0
76  191  4.0
76  192  4.0
76  193  4.0
76  194  4.0
76  195  4.0
76  196  4.0
76  197  4.0
76  198  4.0
76  199  4.0
76  200  4.0
76  201  4.0
76  202  4.0
76  203  4.0
76  204  4.0
76  205  4.0
76  206  4.0
76  207  4.0
76  208  4.0
76  209  4.0
76  239  4.72250295787
76  299  3.8965031161
76  311  3.5368331463
76  335  3.58688317703
76  375  6.88277866136
77  29  5.0
77  38  4.54386119959
77  161  3.66085643602
77  179  3.96632273077
77  188  4.34047649734
77  189  4.0
77  190  4.0
77  191  4.0
77  192  4.0
77  193  4.0
77  194  4.0
77  195  4.0
77  196  4.0
77  197  4.0
77  198  4.0
77  199  4.0
77  200  4.0
77  201  4.0
77  202  4.0
77  203  4.0
77  204  4.0
77  205  4.0
77  206  4.0
77  207  4.0
77  208  4.0
77  209  4.0
77  218  3.9379774325
77  289  4.66761483732
77  291  3.69274724676
77  324  3.55799247829
77  326  4.10056503939
77  371  4.0535414598
77  381  3.72813435744
77  407  4.42136481807
77  416  3.43201567776
78  29  5.0
78  33  5.15812850955
78  39  4.58377782983
78  46  4.54046005051
78  47  4.7612649153
78  54  4.11006972065
78  91  3.71945996151
78  93  3.73448403185
78  97  6.00219165591
78  137  3.92769262605
78  181  3.75650852622
78  189  4.0
78  190  4.0
78  191  4.0
78  192  4.0
78  193  4.0
78  194  4.0
78  195  4.0
78  196  4.0
78  197  4.0
78  198  4.0
78  199  4.0
78  200  4.0
78  201  4.0
78  202  4.0
78  203  4.0
78  204  4.0
78  205  4.0
78  206  4.0
78  207  4.0
78  208  4.0
78  209  4.0
78  211  3.88777553013
78  223  3.75178999019
78  297  4.52140460252
78  303  4.16446445103
78  352  3.39802001719
78  407  4.05599598597
78  466  5.25995163974
78  490  6.19281594842
79  4  3.965725383
79  13  3.6106619755
79  29  5.0
79  54  3.6726249104
79  62  4.05379027897
79  64  3.88289750363
79  81  4.85960231548
79  112  3.88143371383
79  150  4.55294947298
79  157  4.79453532421
79  158  3.42226896
79  173  4.67651420687
79  179  3.73962607951
79  188  4.31818547172
79  189  4.0
79  190  4.0
79  191  4.0
79  192  4.0
79  193  4.0
79  194  4.0
79  195  4.0
79  196  4.0
79  197  4.0
79  198  4.0
79  199  4.0
79  200  4.0
79  201  4.0
79  202  4.0
79  203  4.0
79  204  4.0
79  205  4.0
79  206  4.0
79  207  4.0
79  208  4.0
79  209  4.0
79  215  4.27729961338
79  261  5.27574511344
79  288  4.6087002614
79  290  6.15173505719
79  367  6.6789741882
79  417  3.57048751412
79  436  3.89165050521
79  460  3.4602661367
79  493  3.68650584616
80  29  5.0
80  52  3.91032460147
80  67  5.46637383119
80  73  7.52372084022
80  94  4.47965257832
80  118  4.6064932286
80  189  4.0
80  190  4.0
80  191  4.0
80  192  4.0
80  193  4.0
80  194  4.0
80  195  4.0
80  196  4.0
80  197  4.0
80  198  4.0
80  199  4.0
80  200  4.0
80  201  4.0
80  202  4.0
80  203  4.0
80  204  4.0
80  205  4.0
80  206  4.0
80  207  4.0
80  208  4.0
80  209  4.0
80  334  4.99275287199
80  355  3.77166135721
80  405  4.37415732729
80  447  3.57209687376
81  8  3.45117355018
81  17  3.77703813928
81  29  5.0
81  55  4.8054542027
81  81  3.66846861893
81  122  4.51964543271
81  148  3.91660596071
81  183  3.45046901699
81  184  4.73215190859
81  189  4.0
81  190  4.0
81  191  4.0
81  192  4.0
81  193  4.0
81  194  4.0
81  195  4.0
81  196  4.0
81  197  4.0
81  198  4.0
81  199  4.0
81  200  4.0
81  201  4.0
81  202  4.0
81  203  4.0
81  204  4.0
81  205  4.0
81  206  4.0
81  207  4.0
81  208  4.0
81  209  4.0
81  295  4.01768234617
81  318  3.62962757483
81  345  3.58319769269
81  351  4.20749284271
81  379  5.25002689281
81  440  3.4910355993
81  461  4.65852096854
81  480  5.01497346702
81  492  3.88394138224
82  29  5.0
82  58  4.10022149359
82  70  4.08721275209
82  98  3.76812141132
82  126  4.50930303711
82  136  3.47073592252
82  181  5.58463250658
82  187  3.9717553992
82  189  4.0
82  190  4.0
82  191  4.0
82  192  4.0
82  193  4.0
82  194  4.0
82  195  4.0
82  196  4.0
82  197  4.0
82  198  4.0
82  199  4.0
82  200  4.0
82  201  4.0
82  202  4.0
82  203  4.0
82  204  4.0
82  205  4.0
82  206  4.0
82  207  4.0
82  208  4.0
82  209  4.0
82  226  3.89252675982
82  240  3.50530970008
82  285  4.42897545511
82  310  3.45332927397
82  321  3.68865631192
82  389  3.60123444098
82  411  4.81151321991
82  468  3.96054125697
83  29  5.0
83  52  3.62401318926
83  63  4.20466825131
83  76  3.69708302803
83  81  5.81447965389
83  130  4.10338113495
83  171  5.69487174027
83  184  4.18919144872
83  185  4.34178063991
83  189  4.0
83  190  4.0
83  191  4.0
83  192  4.0
83  193  4.0
83  194  4.0
83  195  4.0
83  196  4.0
83  197  4.0
83  198  4.0
83  199  4.0
83  200  4.0
83  201  4.0
83  202  4.0
83  203  4.0
83  204  4.0
83  205  4.0
83  206  4.0
83  207  4.0
83  208  4.0
83  209  4.0
83  230  4.17057646333
83  255  4.48796509385
83  316  3.42868403952
83  327  4.61562168437
83  350  4.1564533735
83  361  3.86744164597
83  434  3.73056805826
83  448  3.85301914264
83  464  3.66195290243
83  471  4.38420466631
84  29  5.0
84  76  4.55750390209
84  77  5.75899759509
84  104  3.64051422204
84  111  3.84121563245
84  154  3.88449977077
84  172  3.77982978595
84  175  5.39089300818
84  187  3.68902743408
84  189  4.0
84  190  4.0
84  191  4.0
84  192  4.0
84  193  4.0
84  194  4.0
84  195  4.0
84  196  4.0
84  197  4.0
84  198  4.0
84  199  4.0
84  200  4.0
84  201  4.0
84  202  4.0
84  203  4.0
84  204  4.0
84  205  4.0
84  206  4.0
84  207  4.0
84  208  4.0
84  209  4.0
84  212  5.47494320923
84  215  4.14396856234
84  230  3.58510559703
84  252  3.74106871651
84  325  3.76153887333
84  356  3.51246335381
84  363  5.06204222029
84  409  4.65661181865
84  460  4.56833043405
84  472  3.42816026927
84  474  8.42185189082
85  20  4.21918217586
85  23  3.53685911837
85  29  5.0
85  31  3.49919649776
85  60  3.4811390693
85  90  3.51116116998
85  93  4.75016986579
85  95  3.77434096617
85  132  3.74182685751
85  136  4.4498562383
85  144  5.92418615803
85  169  3.71288673878
85  189  4.0
85  190  4.0
85  191  4.0
85  192  4.0
85  193  4.0
85  194  4.0
85  195  4.0
85  196  4.0
85  197  4.0
85  198  4.0
85  199  4.0
85  200  4.0
85  201  4.0
85  202  4.0
85  203  4.0
85  204  4.0
85  205  4.0
85  206  4.0
85  207  4.0
85  208  4.0
85  209  4.0
85  261  4.34773264658
85  273  3.42053785647
85  280  4.73105422556
85  313  5.40093703391
85  339  4.94531199479
85  340  4.25162521898
85  342  3.62032992705
85  358  4.17992237817
85  365  4.4710765416
85  375  4.66017071233
85  387  4.84846069504
85  448  3.91549602962
85  496  3.9409612627
86  21  6.19542303726
86  29  5.0
86  73  3.62128006364
86  84  3.56146047608
86  108  4.1293785572
86  152  4.44925527783
86  165  3.91679255833
86  174  4.13981444928
86  189  4.0
86  190  4.0
86  191  4.0
86  192  4.0
86  193  4.0
86  194  4.0
86  195  4.0
86  196  4.0
86  197  4.0
86  198  4.0
86  199  4.0
86  200  4.0
86  201  4.0
86  202  4.0
86  203  4.0
86  204  4.0
86  205  4.0
86  206  4.0
86  207  4.0
86  208  4.0
86  209  4.0
86  264  5.27275572721
86  372  3.92571180289
86  436  3.97339603334
86  453  3.61879752072
87  5  3.43265819911
87  29  5.0
87  85  4.14616159803
87  114  5.7934930444
87  189  4.0
87  190  4.0
87  191  4.0
87  192  4.0
87  193  4.0
87  194  4.0
87  195  4.0
87  196  4.0
87  197  4.0
87  198  4.0
87  199  4.0
87  200  4.0
87  201  4.0
87  202  4.0
87  203  4.0
87  204  4.0
87  205  4.0
87  206  4.0
87  207  4.0
87  208  4.0
87  209  4.0
87  244  3.68823838614
87  273  6.72781986396
87  280  3.81551743377
87  305  3.82469529431
87  308  5.06036550107
87  349  3.61422525687
87  377  3.52679547976
87  452  3.77538794106
87  453  4.06053429401
87  468  6.81971458166
87  474  3.72177373907
88  29  5.0
88  53  5.13805573083
88  119  3.87466289656
88  129  6.1790858277
88  132  3.88213444084
88  173  4.77185319327
88  189  4.0
88  190  4.0
88  191  4.0
88  192  4.0
88  193  4.0
88  194  4.0
88  195  4.0
88  196  4.0
88  197  4.0
88  198  4.0
88  199  4.0
88  200  4.0
88  201  4.0
88  202  4.0
88  203  4.0
88  204  4.0
88  205  4.0
88  206  4.0
88  207  4.0
88  208  4.0
88  209  4.0
88  218  3.9006185451
88  233  7.76579261758
88  301  3.6229183543
88  312  3.92291622801
88  325  4.40584584469
88  426  3.45745470086
88  434  4.21513914211
88  468  3.70827556407
89  29  5.0
89  99  5.18105423112
89  178  4.00030625743
89  189  4.0
89  190  4.0
89  191  4.0
89  192  4.0
89  193  4.0
89  194  4.0
89  195  4.0
89  196  4.0
89  197  4.0
89  198  4.0
89  199  4.0
89  200  4.0
89  201  4.0
89  202  4.0
89  203  4.0
89  204  4.0
89  205  4.0
89  206  4.0
89  207  4.0
89  208  4.0
89  209  4.0
89  221  3.74393856134
89  287  3.59362722867
89  291  3.55589084199
89  384  4.12060433882
89  396  3.64918749276
89  412  4.08675165876
89  443  3.66275486722
89  449  4.05300386981
89  472  3.46698803324
89  486  3.63920840414
89  489  3.69362812398
90  11  3.660064181
90  19  4.0359431134
90  29  5.0
90  44  3.82919515279
90  129  4.2210255332
90  189  4.0
90  190  4.0
90  191  4.0
90  192  4.0
90  193  4.0
90  194  4.0
90  195  4.0
90  196  4.0
90  197  4.0
90  198  4.0
90  199  4.0
90  200  4.0
90  201  4.0
90  202  4.0
90  203  4.0
90  204  4.0
90  205  4.0
90  206  4.0
90  207  4.0
90  208  4.0
90  209  4.0
90  245  4.17792019347
90  315  4.94964339882
90  337  4.45752099135
90  341  3.5341218256
90  389  4.12004595639
90  430  3.79012012723
90  431  7.04777011356
90  485  4.0467503048
91  8  3.52845406135
91  29  5.0
91  41  5.5149018345
91  44  4.12608287671
91  52  3.6826122194
91  61  3.85311223296
91  76  3.75272856745
91  116  4.8544891961
91  132  3.53303764474
91  152  4.02269113405
91  183  3.44369180699
91  184  6.24479783876
91  189  4.0
91  190  4.0
91  191  4.0
91  192  4.0
91  193  4.0
91  194  4.0
91  195  4.0
91  196  4.0
91  197  4.0
91  198  4.0
91  199  4.0
91  200  4.0
91  201  4.0
91  202  4.0
91  203  4.0
91  204  4.0
91  205  4.0
91  206  4.0
91  207  4.0
91  208  4.0
91  209  4.0
91  224  3.49564201325
91  269  5.6405256909
91  280  3.48390414954
91  312  3.83577884905
91  331  3.50769926789
91  339  4.85726266174
91  343  3.99742528994
91  344  3.6393351921
91  360  4.07452240432
91  444  3.88546603426
92  29  5.0
92  48  3.76830767965
92  77  4.26743507763
92  120  4.28158602399
92  189  4.0
92  190  4.0
92  191  4.0
92  192  4.0
92  193  4.0
92  194  4.0
92  195  4.0
92  196  4.0
92  197  4.0
92  198  4.0
92  199  4.0
92  200  4.0
92  201  4.0
92  202  4.0
92  203  4.0
92  204  4.0
92  205  4.0
92  206  4.0
92  207  4.0
92  208  4.0
92  209  4.0
92  232  4.11895935703
92  262  3.98174305226
92  268  4.25709390569
92  278  3.94505245561
92  280  3.5310123074
92  320  4.59273075051
92  365  3.71675742374
92  406  3.64423397613
92  444  3.47691248617
92  450  3.61281584525
92  483  3.57062960117
93  29  5.0
93  39  3.59730899085
93  46  3.59782054467
93  49  6.83656898749
93  89  4.2363921258
93  101  4.84033475843
93  133  3.89063041434
93  136  3.68240173818
93  140  3.45385320409
93  151  4.67932926351
93  156  4.49211467208
93  174  3.9834582411
93  175  3.47260049995
93  189  4.0
93  190  4.0
93  191  4.0
93  192  4.0
93  193  4.0
93  194  4.0
93  195  4.0
93  196  4.0
93  197  4.0
93  198  4.0
93  199  4.0
93  200  4.0
93  201  4.0
93  202  4.0
93  203  4.0
93  204  4.0
93  205  4.0
93  206  4.0
93  207  4.0
93  208  4.0
93  209  4.0
93  232  4.53283936118
93  264  3.43966036431
93  286  4.36239487021
93  297  4.32481334132
93  318  4.54426980466
93  335  3.60879866586
93  352  6.55471620357
93  372  4.71363224794
93  387  4.35038454703
93  425  4.06571178312
94  12  3.69694822972
94  29  5.0
94  31  4.88721710624
94  59  3.52725063079
94  66  3.98429850126
94  159  3.68884725444
94  189  4.0
94  190  4.0
94  191  4.0
94  192  4.0
94  193  4.0
94  194  4.0
94  195  4.0
94  196  4.0
94  197  4.0
94  198  4.0
94  199  4.0
94  200  4.0
94  201  4.0
94  202  4.0
94  203  4.0
94  204  4.0
94  205  4.0
94  206  4.0
94  207  4.0
94  208  4.0
94  209  4.0
94  216  3.54504244525
94  224  3.62057413068
94  291  7.70937927012
94  328  3.64964156105
94  400  3.75629756134
94  402  5.54873920736
94  431  5.19693180849
94  443  5.74696135625
95  24  4.69300215769
95  29  5.0
95  31  4.82149511158
95  48  6.87141783304
95  98  5.89930318827
95  99  5.032847729
95  171  4.54200681598
95  189  4.0
95  190  4.0
95  191  4.0
95  192  4.0
95  193  4.0
95  194  4.0
95  195  4.0
95  196  4.0
95  197  4.0
95  198  4.0
95  199  4.0
95  200  4.0
95  201  4.0
95  202  4.0
95  203  4.0
95  204  4.0
95  205  4.0
95  206  4.0
95  207  4.0
95  208  4.0
95  209  4.0
95  225  3.45222035951
95  237  5.29481906091
95  261  3.50272565711
95  266  4.36380953102
95  277  4.94106840715
95  352  4.36138014713
95  385  4.39383342181
95  420  3.80590676995
95  422  3.4754339512
95  442  4.04572573651
95  476  5.2396744589
95  483  4.6236381805
96  29  5.0
96  93  5.97906800349
96  157  4.10791005945
96  189  4.0
96  190  4.0
96  191  4.0
96  192  4.0
96  193  4.0
96  194  4.0
96  195  4.0
96  196  4.0
96  197  4.0
96  198  4.0
96  199  4.0
96  200  4.0
96  201  4.0
96  202  4.0
96  203  4.0
96  204  4.0
96  205  4.0
96  206  4.0
96  207  4.0
96  208  4.0
96  209  4.0
96  263  5.32324578473
96  275  4.67084042243
96  306  4.32170652996
96  328  4.72665095103
96  395  4.39432663985
96  398  4.84148238633
96  445  5.31840448848
96  480  3.97533311951
97  16  3.73265002759
97  20  4.5743672569
97  29  5.0
97  58  3.86176321787
97  100  4.48332896139
97  106  4.00550373177
97  150  5.31856599428
97  189  4.0
97  190  4.0
97  191  4.0
97  192  4.0
97  193  4.0
97  194  4.0
97  195  4.0
97  196  4.0
97  197  4.0
97  198  4.0
97  199  4.0
97  200  4.0
97  201  4.0
97  202  4.0
97  203  4.0
97  204  4.0
97  205  4.0
97  206  4.0
97  207  4.0
97  208  4.0
97  209  4.0
97  228  5.71994546778
97  238  6.42744656235
97  269  6.21143975384
97  317  3.69580823575
97  337  3.93897333486
97  412  3.70390788883
97  455  3.6158813805
97  470  4.60383909892
97  498  4.0521669316
98  29  5.0
98  34  6.05155969873
98  56  5.8406282945
98  70  4.69591250054
98  106  4.57960923963
98  107  3.67516225585
98  117  3.72817641957
98  120  4.39163745457
98  150  3.66521095347
98  166  3.48376428524
98  189  4.0
98  190  4.0
98  191  4.0
98  192  4.0
98  193  4.0
98  194  4.0
98  195  4.0
98  196  4.0
98  197  4.0
98  198  4.0
98  199  4.0
98  200  4.0
98  201  4.0
98  202  4.0
98  203  4.0
98  204  4.0
98  205  4.0
98  206  4.0
98  207  4.0
98  208  4.0
98  209  4.0
98  214  3.4089925954
98  241  3.44885631739
98  271  3.92210505275
98  291  3.76672149798
98  311  3.52535702922
98  369  5.19495476918
98  424  5.51856100569
98  489  3.51121362927
98  496  3.73782984954
99  29  5.0
99  46  3.49842722827
99  58  3.79380089963
99  64  3.48284635198
99  108  3.64375972323
99  109  4.0157777292
99  162  5.79157760519
99  184  3.94910718261
99  189  4.0
99  190  4.0
99  191  4.0
99  192  4.0
99  193  4.0
99  194  4.0
99  195  4.0
99  196  4.0
99  197  4.0
99  198  4.0
99  199  4.0
99  200  4.0
99  201  4.0
99  202  4.0
99  203  4.0
99  204  4.0
99  205  4.0
99  206  4.0
99  207  4.0
99  208  4.0
99  209  4.0
99  232  4.13734081679
99  299  4.86144064191
99  322  3.80980131896
99  344  4.76855301693
99  421  3.45714171644
99  484  6.60101526916
99  485  4.447872959
100  18  4.16970476057
100  128  3.42198414458
100  155  5.24196113462
100  189  4.0
100  190  4.0
100  191  4.0
100  192  4.0
100  193  4.0
100  194  4.0
100  195  4.0
100  196  4.0
100  197  4.0
100  198  4.0
100  199  4.0
100  200  4.0
100  201  4.0
100  202  4.0
100  203  4.0
100  204  4.0
100  205  4.0
100  206  4.0
100  207  4.0
100  208  4.0
100  209  4.0
100  249  6.66282239876
100  296  4.29464061664
100  320  4.19885966001
100  326  3.64671067181
100  351  6.13972300738
100  359  3.43014366831
100  365  4.88600592328
101  25  3.83895274277
101  74  3.45967057037
101  80  3.59810883266
101  90  4.8584294333
101  160  4.5332204762
101  185  3.75400029072
101  186  3.45457213474
101  189  4.0
101  190  4.0
101  191  4.0
101  192  4.0
101  193  4.0
101  194  4.0
101  195  4.0
101  196  4.0
101  197  4.0
101  198  4.0
101  199  4.0
101  200  4.0
101  201  4.0
101  202  4.0
101  203  4.0
101  204  4.0
101  205  4.0
101  206  4.0
101  207  4.0
101  208  4.0
101  209  4.0
101  253  3.78050454652
101  288  3.80073612348
101  294  3.44644019298
101  330  4.87349793199
101  442  3.96594315665
101  460  3.70941867693
101  474  4.36125854389
102  46  4.7363303325
102  89  4.58308783662
102  114  3.7106462936
102  129  3.65023266192
102  150  4.06486686377
102  158  4.18309109439
102  166  4.87248738258
102  169  4.47966774632
102  189  4.0
102  190  4.0
102  191  4.0
102  192  4.0
102  193  4.0
102  194  4.0
102  195  4.0
102  196  4.0
102  197  4.0
102  198  4.0
102  199  4.0
102  200  4.0
102  201  4.0
102  202  4.0
102  203  4.0
102  204  4.0
102  205  4.0
102  206  4.0
102  207  4.0
102  208  4.0
102  209  4.0
102  233  4.34714435423
102  278  3.94512573365
102  293  5.18010935406
102  298  3.6455815767
102  382  3.53551316011
102  389  3.95055461296
102  403  8.35268211618
102  409  4.71543431344
102  429  4.36835255169
102  444  3.60565711017
102  494  3.77966533246
103  101  3.49705966511
103  125  3.46781622419
103  189  4.0
103  190  4.0
103  191  4.0
103  192  4.0
103  193  4.0
103  194  4.0
103  195  4.0
103  196  4.0
103  197  4.0
103  198  4.0
103  199  4.0
103  200  4.0
103  201  4.0
103  202  4.0
103  203  4.0
103  204  4.0
103  205  4.0
103  206  4.0
103  207  4.0
103  208  4.0
103  209  4.0
103  226  3.9820807473
103  231  3.72057004398
103  250  3.54333274718
103  257  3.474112934
103  278  3.60701981036
103  310  3.82903812733
103  313  3.5431429167
103  333  4.02481928374
103  355  3.74169853755
103  411  3.75903241067
103  448  4.40841841967
103  464  3.92920353716
103  465  4.46574410662
103  466  3.95039610035
103  489  3.84610126
104  1  3.822226145
104  53  3.43690763941
104  143  5.79548662452
104  189  4.0
104  190  4.0
104  191  4.0
104  192  4.0
104  193  4.0
104  194  4.0
104  195  4.0
104  196  4.0
104  197  4.0
104  198  4.0
104  199  4.0
104  200  4.0
104  201  4.0
104  202  4.0
104  203  4.0
104  204  4.0
104  205  4.0
104  206  4.0
104  207  4.0
104  208  4.0
104  209  4.0
104  244  4.32372102841
104  327  4.12985544163
104  356  3.94120275858
104  397  5.01093896591
104  414  4.45799043806
104  416  7.31846126168
104  438  3.49060606537
104  464  4.8336015517
104  470  4.35635558489
105  79  3.78732529061
105  93  3.94888477154
105  112  3.41797423271
105  119  5.17223082984
105  181  3.40396816151
105  189  4.0
105  190  4.0
105  191  4.0
105  192  4.0
105  193  4.0
105  194  4.0
105  195  4.0
105  196  4.0
105  197  4.0
105  198  4.0
105  199  4.0
105  200  4.0
105  201  4.0
105  202  4.0
105  203  4.0
105  204  4.0
105  205  4.0
105  206  4.0
105  207  4.0
105  208  4.0
105  209  4.0
105  224  6.24521416644
105  235  6.56379846502
105  238  3.60624775848
105  273  3.58608450444
105  284  4.31713870194
105  295  3.58863635279
105  328  5.29367883962
105  388  4.25587048836
105  447  4.41922863214
105  471  4.08832703385
105  477  5.32486087638
106  21  4.50231454783
106  55  4.65365223936
106  57  4.62160305873
106  70  4.34142679772
106  103  3.48294992373
106  104  4.17006151943
106  111  4.55938063423
106  125  3.70013273768
106  172  4.01114825767
106  181  4.34346558839
106  189  4.0
106  190  4.0
106  191  4.0
106  192  4.0
106  193  4.0
106  194  4.0
106  195  4.0
106  196  4.0
106  197  4.0
106  198  4.0
106  199  4.0
106  200  4.0
106  201  4.0
106  202  4.0
106  203  4.0
106  204  4.0
106  205  4.0
106  206  4.0
106  207  4.0
106  208  4.0
106  209  4.0
106  325  3.44021632436
106  326  3.92075895839
106  334  3.42929098741
106  383  4.36905642978
106  406  4.05888171769
106  420  3.74482196271
106  444  3.49704668267
106  447  4.71283385755
106  472  3.47706410264
106  483  3.62110126528
106  491  3.72691244713
107  52  3.4741492383
107  102  11.7130280616
107  122  4.57941451001
107  154  3.72665496753
107  177  4.19358053102
107  189  4.0
107  190  4.0
107  191  4.0
107  192  4.0
107  193  4.0
107  194  4.0
107  195  4.0
107  196  4.0
107  197  4.0
107  198  4.0
107  199  4.0
107  200  4.0
107  201  4.0
107  202  4.0
107  203  4.0
107  204  4.0
107  205  4.0
107  206  4.0
107  207  4.0
107  208  4.0
107  209  4.0
107  341  3.47859789158
107  349  3.58086677526
107  369  3.68415985016
107  370  5.52896531191
107  394  3.47897733662
107  419  4.01098798668
107  447  8.62426873287
107  448  4.23165770158
107  449  4.09189172847
107  454  8.15756839575
108  7  4.29533655508
108  26  3.42366499718
108  39  6.02609513325
108  140  3.45439577538
108  142  4.42999363248
108  150  3.70140197703
108  189  4.0
108  190  4.0
108  191  4.0
108  192  4.0
108  193  4.0
108  194  4.0
108  195  4.0
108  196  4.0
108  197  4.0
108  198  4.0
108  199  4.0
108  200  4.0
108  201  4.0
108  202  4.0
108  203  4.0
108  204  4.0
108  205  4.0
108  206  4.0
108  207  4.0
108  208  4.0
108  209  4.0
108  245  5.67766224235
108  256  3.71749280191
108  275  4.44074458891
108  300  4.09096960446
108  313  3.58602507387
108  343  3.53563030905
108  392  3.62158170642
108  399  6.21425826373
108  415  4.62692738303
108  492  7.57038542001
109  94  3.59020747674
109  99  4.81895807448
109  109  6.36372352507
109  131  5.04111882036
109  189  4.0
109  190  4.0
109  191  4.0
109  192  4.0
109  193  4.0
109  194  4.0
109  195  4.0
109  196  4.0
109  197  4.0
109  198  4.0
109  199  4.0
109  200  4.0
109  201  4.0
109  202  4.0
109  203  4.0
109  204  4.0
109  205  4.0
109  206  4.0
109  207  4.0
109  208  4.0
109  209  4.0
109  221  4.92651410812
109  280  4.86792795344
109  292  4.77839110371
109  323  3.51932618955
109  361  3.65276333251
109  383  4.17992964803
109  398  3.58927286198
109  469  3.73796013874
110  16  3.85929085922
110  49  5.88257013248
110  59  5.15244023667
110  91  3.73717958762
110  113  5.39877099847
110  120  3.68631329836
110  124  4.24482259108
110  146  5.27185719315
110  153  3.86844935051
110  179  3.50282347235
110  189  4.0
110  190  4.0
110  191  4.0
110  192  4.0
110  193  4.0
110  194  4.0
110  195  4.0
110  196  4.0
110  197  4.0
110  198  4.0
110  199  4.0
110  200  4.0
110  201  4.0
110  202  4.0
110  203  4.0
110  204  4.0
110  205  4.0
110  206  4.0
110  207  4.0
110  208  4.0
110  209  4.0
110  212  3.81731888366
110  246  3.4693758541
110  277  3.71334206403
110  283  3.78819137037
110  296  7.98793831928
110  363  3.9440949553
110  378  3.96464692555
110  387  4.0593030436
110  422  4.78113221137
110  424  4.46456819696
110  482  3.90912292362
111  23  4.65543647275
111  106  5.04686712507
111  113  3.98405967629
111  122  4.18397975356
111  126  4.32364329457
111  189  4.0
111  190  4.0
111  191  4.0
111  192  4.0
111  193  4.0
111  194  4.0
111  195  4.0
111  196  4.0
111  197  4.0
111  198  4.0
111  199  4.0
111  200  4.0
111  201  4.0
111  202  4.0
111  203  4.0
111  204  4.0
111  205  4.0
111  206  4.0
111  207  4.0
111  208  4.0
111  209  4.0
111  226  4.51153743447
111  231  3.89727764989
111  310  4.37290274327
111  349  4.22306628479
111  406  3.68785763708
111  423  4.26419036508
111  427  4.6545470419
111  432  3.88100266151
111  444  5.54328285947
111  451  4.14391027149
111  475  4.88287591859
111  483  3.82008561303
112  20  6.1709649906
112  58  5.44255418675
112  63  3.94884099769
112  99  4.14981608601
112  101  5.21098032493
112  104  3.81103578109
112  127  3.44754009598
112  142  4.59968422338
112  189  4.0
112  190  4.0
112  191  4.0
112  192  4.0
112  193  4.0
112  194  4.0
112  195  4.0
112  196  4.0
112  197  4.0
112  198  4.0
112  199  4.0
112  200  4.0
112  201  4.0
112  202  4.0
112  203  4.0
112  204  4.0
112  205  4.0
112  206  4.0
112  207  4.0
112  208  4.0
112  209  4.0
112  212  4.08898991681
112  268  3.83465586233
112  273  5.49851679037
112  277  4.99542753304
112  295  3.58848839063
112  320  5.79661875333
112  349  3.48686458042
112  361  3.46788837996
112  375  3.88057168641
112  423  6.05855836487
112  429  3.92110800019
112  464  5.45960450022
112  490  3.40146607617
113  37  3.46895377199
113  45  4.0665062898
113  54  3.72474777304
113  108  4.53825412498
113  131  3.7889056639
113  189  4.0
113  190  4.0
113  191  4.0
113  192  4.0
113  193  4.0
113  194  4.0
113  195  4.0
113  196  4.0
113  197  4.0
113  198  4.0
113  199  4.0
113  200  4.0
113  201  4.0
113  202  4.0
113  203  4.0
113  204  4.0
113  205  4.0
113  206  4.0
113  207  4.0
113  208  4.0
113  209  4.0
113  256  3.42694717436
113  260  3.59661787276
113  320  4.87301075433
113  348  3.59591981638
113  366  4.56436975818
113  389  4.61198281964
113  412  3.4136881316
113  413  4.0938217747
113  416  4.64443838928
113  439  4.64549708546
114  5  4.08933849025
114  41  3.98532948286
114  65  6.39175787879
114  173  6.65055749533
114  189  4.0
114  190  4.0
114  191  4.0
114  192  4.0
114  193  4.0
114  194  4.0
114  195  4.0
114  196  4.0
114  197  4.0
114  198  4.0
114  199  4.0
114  200  4.0
114  201  4.0
114  202  4.0
114  203  4.0
114  204  4.0
114  205  4.0
114  206  4.0
114  207  4.0
114  208  4.0
114  209  4.0
114  261  4.46306463319
114  304  4.10899215886
114  308  3.42312932852
114  315  4.44814868096
114  351  3.56975665985
114  354  4.11551838405
114  365  3.78823188677
114  370  4.47880014064
114  384  3.43495487279
114  385  3.4378476678
114  419  5.14315903611
114  475  5.53789786545
114  484  4.0998755662
115  44  5.20422533651
115  57  5.82871250922
115  62  3.7358461337
115  175  3.45094152801
115  181  3.88609613063
115  189  4.0
115  190  4.0
115  191  4.0
115  192  4.0
115  193  4.0
115  194  4.0
115  195  4.0
115  196  4.0
115  197  4.0
115  198  4.0
115  199  4.0
115  200  4.0
115  201  4.0
115  202  4.0
115  203  4.0
115  204  4.0
115  205  4.0
115  206  4.0
115  207  4.0
115  208  4.0
115  209  4.0
115  271  3.55074236124
115  299  3.77942348042
115  332  3.69222931531
115  352  4.97226431824
115  385  3.39987626426
115  424  6.80956728288
115  473  3.9122116295
116  31  3.42542968633
116  51  3.70199265432
116  61  3.69020281356
116  88  5.40941816176
116  101  3.63940685919
116  126  3.43632677816
116  131  4.35698643799
116  148  6.32502452801
116  189  4.0
116  190  4.0
116  191  4.0
116  192  4.0
116  193  4.0
116  194  4.0
116  195  4.0
116  196  4.0
116  197  4.0
116  198  4.0
116  199  4.0
116  200  4.0
116  201  4.0
116  202  4.0
116  203  4.0
116  204  4.0
116  205  4.0
116  206  4.0
116  207  4.0
116  208  4.0
116  209  4.0
116  240  7.19984115974
116  282  5.22611927035
116  297  4.41049945951
116  314  3.65960576755
116  342  3.91653617714
116  357  4.77884772327
116  364  4.23974772827
116  394  4.58240405754
116  396  4.64363646021
116  482  3.64648696308
116  493  5.86958738656
117  27  7.392458971
117  30  3.79656597375
117  76  3.85827659448
117  78  4.7118664659
117  153  4.50454365468
117  189  4.0
117  190  4.0
117  191  4.0
117  192  4.0
117  193  4.0
117  194  4.0
117  195  4.0
117  196  4.0
117  197  4.0
117  198  4.0
117  199  4.0
117  200  4.0
117  201  4.0
117  202  4.0
117  203  4.0
117  204  4.0
117  205  4.0
117  206  4.0
117  207  4.0
117  208  4.0
117  209  4.0
117  237  4.32211880409
117  273  3.60935776102
117  367  6.48793993324
117  384  4.22684109078
117  390  4.8499437097
117  453  6.30404222227
117  478  3.43872066909
118  28  4.57192122327
118  43  4.58078084849
118  64  5.64039545025
118  119  6.62777139501
118  122  3.95784916832
118  148  4.79345670957
118  189  4.0
118  190  4.0
118  191  4.0
118  192  4.0
118  193  4.0
118  194  4.0
118  195  4.0
118  196  4.0
118  197  4.0
118  198  4.0
118  199  4.0
118  200  4.0
118  201  4.0
118  202  4.0
118  203  4.0
118  204  4.0
118  205  4.0
118  206  4.0
118  207  4.0
118  208  4.0
118  209  4.0
118  215  4.30990912713
118  232  4.18949799487
118  255  5.17781371996
118  258  4.41440350249
118  316  5.07255303211
118  319  4.85287852496
118  328  4.69490404063
118  371  6.47042623683
118  375  3.70420176563
118  386  4.16645906551
118  401  3.39878070059
119  7  4.55521562397
119  24  6.8766124316
119  40  5.07598669452
119  88  4.02590053402
119  189  4.0
119  190  4.0
119  191  4.0
119  192  4.0
119  193  4.0
119  194  4.0
119  195  4.0
119  196  4.0
119  197  4.0
119  198  4.0
119  199  4.0
119  200  4.0
119  201  4.0
119  202  4.0
119  203  4.0
119  204  4.0
119  205  4.0
119  206  4.0
119  207  4.0
119  208  4.0
119  209  4.0
119  212  3.49420968433
119  235  4.11928868694
119  261  7.38746807838
119  291  4.16072995604
119  302  4.09894462156
119  305  6.00737025486
119  381  3.60840865511
119  383  5.20702696461
119  407  4.46549045861
119  484  8.85620675838
119  491  3.57396250415
120  43  4.07112624692
120  46  3.49699819871
120  55  4.03260983972
120  86  4.56156970222
120  94  4.1117457561
120  162  3.63128687403
120  181  3.535812763
120  189  4.0
120  190  4.0
120  191  4.0
120  192  4.0
120  193  4.0
120  194  4.0
120  195  4.0
120  196  4.0
120  197  4.0
120  198  4.0
120  199  4.0
120  200  4.0
120  201  4.0
120  202  4.0
120  203  4.0
120  204  4.0
120  205  4.0
120  206  4.0
120  207  4.0
120  208  4.0
120  209  4.0
120  218  4.33041484844
120  283  4.61439810353
120  371  5.61705730765
120  469  4.10685897848
120  478  4.72971783775
121  76  4.14053276801
121  102  3.43204827987
121  126  4.02927539495
121  134  3.58715071041
121  145  3.6830068575
121  166  4.88523677627
121  168  5.1322417725
121  189  4.0
121  190  4.0
121  191  4.0
121  192  4.0
121  193  4.0
121  194  4.0
121  195  4.0
121  196  4.0
121  197  4.0
121  198  4.0
121  199  4.0
121  200  4.0
121  201  4.0
121  202  4.0
121  203  4.0
121  204  4.0
121  205  4.0
121  206  4.0
121  207  4.0
121  208  4.0
121  209  4.0
121  243  4.05990925304
121  245  5.98054393635
121  270  3.61923127217
121  328  3.41408533283
121  360  3.77363790152
121  363  3.54368483602
121  380  5.44371995474
121  439  5.56014031434
121  460  3.93027516813
121  465  4.3167719647
121  472  3.50143929372
122  61  3.51690080939
122  121  3.51846433032
122  159  3.86437414607
122  167  4.82442189789
122  184  4.23833549814
122  185  4.72995824783
122  189  4.0
122  190  4.0
122  191  4.0
122  192  4.0
122  193  4.0
122  194  4.0
122  195  4.0
122  196  4.0
122  197  4.0
122  198  4.0
122  199  4.0
122  200  4.0
122  201  4.0
122  202  4.0
122  203  4.0
122  204  4.0
122  205  4.0
122  206  4.0
122  207  4.0
122  208  4.0
122  209  4.0
122  213  3.83490033803
122  249  4.0053407164
122  342  3.40486537247
122  361  3.49405480749
122  423  4.24007751116
122  453  3.814876519
122  494  4.93545480358
122  497  3.52499102085
122  498  3.84057085878
123  104  3.53232039647
123  160  4.26636602939
123  175  4.3092065748
123  182  3.60180945985
123  189  4.0
123  190  4.0
123  191  4.0
123  192  4.0
123  193  4.0
123  194  4.0
123  195  4.0
123  196  4.0
123  197  4.0
123  198  4.0
123  199  4.0
123  200  4.0
123  201  4.0
123  202  4.0
123  203  4.0
123  204  4.0
123  205  4.0
123  206  4.0
123  207  4.0
123  208  4.0
123  209  4.0
123  267  5.12969163842
123  274  4.99760062029
123  276  3.69035482136
123  288  4.53563984973
123  323  3.60885583578
123  354  3.42836195644
123  361  3.4755606973
123  394  4.01522887856
123  398  3.75385428486
124  9  4.17570599503
124  71  6.31112951479
124  95  3.64697032521
124  187  4.17987531996
124  189  4.0
124  190  4.0
124  191  4.0
124  192  4.0
124  193  4.0
124  194  4.0
124  195  4.0
124  196  4.0
124  197  4.0
124  198  4.0
124  199  4.0
124  200  4.0
124  201  4.0
124  202  4.0
124  203  4.0
124  204  4.0
124  205  4.0
124  206  4.0
124  207  4.0
124  208  4.0
124  209  4.0
124  221  4.63747476683
124  234  5.84270710316
124  259  5.01294788732
124  270  3.97443983505
124  271  3.40176362286
124  275  3.47599940389
124  324  3.53886613696
124  325  3.54533919399
124  407  3.8725877118
124  437  4.38165035254
124  465  3.68196656027
124  466  3.44761187179
125  3  3.5010784451
125  32  3.85384363475
125  55  3.88463661696
125  122  3.45635799087
125  183  4.31536289464
125  189  4.0
125  190  4.0
125  191  4.0
125  192  4.0
125  193  4.0
125  194  4.0
125  195  4.0
125  196  4.0
125  197  4.0
125  198  4.0
125  199  4.0
125  200  4.0
125  201  4.0
125  202  4.0
125  203  4.0
125  204  4.0
125  205  4.0
125  206  4.0
125  207  4.0
125  208  4.0
125  209  4.0
125  243  3.82675776884
125  261  4.34969346184
125  294  3.6249043511
125  316  3.594501035
125  322  4.62468622505
125  324  4.4236056196
125  349  4.7813339095
125  425  3.89162485111
125  439  3.76259697709
125  445  3.78863080048
125  459  4.24059234099
125  461  3.88531040746
125  486  3.9895618565
125  488  3.69901234738
125  497  4.23868064796
126  13  3.83655731065
126  22  5.71055574766
126  56  3.58040109384
126  78  3.49302467169
126  189  4.0
126  190  4.0
126  191  4.0
126  192  4.0
126  193  4.0
126  194  4.0
126  195  4.0
126  196  4.0
126  197  4.0
126  198  4.0
126  199  4.0
126  200  4.0
126  201  4.0
126  202  4.0
126  203  4.0
126  204  4.0
126  205  4.0
126  206  4.0
126  207  4.0
126  208  4.0
126  209  4.0
126  259  4.35720525802
126  281  3.73854894625
126  307  3.45681449798
126  393  4.80680539954
126  418  3.99126627085
126  423  3.80268065476
126  458  3.8211216815
126  467  4.41484231711
126  479  4.26739743136
127  20  3.95268238854
127  37  3.54498154276
127  123  3.85732316286
127  173  4.91907148062
127  189  4.0
127  190  4.0
127  191  4.0
127  192  4.0
127  193  4.0
127  194  4.0
127  195  4.0
127  196  4.0
127  197  4.0
127  198  4.0
127  199  4.0
127  200  4.0
127  201  4.0
127  202  4.0
127  203  4.0
127  204  4.0
127  205  4.0
127  206  4.0
127  207  4.0
127  208  4.0
127  209  4.0
127  225  4.62835727711
127  230  4.11979645813
127  263  8.76506007766
127  266  4.40614160785
127  298  4.14485531966
127  328  3.58572385188
127  353  3.49826054413
127  358  3.80858389355
127  401  3.47266697637
127  412  3.90091749821
127  470  4.22567904512
